-1295.17 753.533 -1297.15 753.826 -1462.04 -372.356 -1464.02 -372.063 -1297.15 753.826 -1462.04 -372.356
-1463.68 -370.053 -1464.05 -372.02 -612.714 -528.9 -613.08 -530.867 -1464.05 -372.02 -612.714 -528.9
-615.053 -530.489 -613.091 -530.873 -600.109 -454.137 -598.147 -454.521 -613.091 -530.873 -600.109 -454.137
-600.158 -454.171 -600.459 -456.148 -342.681 -493.292 -342.982 -495.269 -600.459 -456.148 -342.681 -493.292
-344.98 -494.939 -343.011 -495.29 -208.789 268.71 -206.82 268.359 -343.011 -495.29 -208.789 268.71
-208.833 268.678 -209.108 266.697 -148.632 260.313 -148.907 258.332 -209.108 266.697 -148.632 260.313
-151.138 259.142 -149.442 258.082 -117.738 312.588 -116.042 311.528 -149.442 258.082 -117.738 312.588
-118.114 312.442 -118.652 310.516 213.712 219.724 213.174 217.798 -118.652 310.516 213.712 219.724
213.65 219.824 211.686 220.2 197.614 135.97 195.65 136.346 211.686 220.2 197.614 135.97
197.859 138.099 195.861 138.179 194.159 45.6208 192.161 45.7008 195.861 138.179 194.159 45.6208
194.073 47.7727 192.087 47.5328 205.873 -49.8928 203.887 -50.1327 192.087 47.5328 205.873 -49.8928
194.073 47.7727 192.087 47.5328 205.873 -49.8928 203.887 -50.1327 192.087 47.5328 205.873 -49.8928
