-647.585 376.767
-648.575 376.913
-731.02 -186.178
-732.01 -186.031
-648.575 376.913
-731.02 -186.178
-731.84 -185.027
-732.025 -186.01
-306.357 -264.45
-306.54 -265.434
-732.025 -186.01
-306.357 -264.45
-307.526 -265.245
-306.546 -265.436
-300.055 -227.068
-299.073 -227.26
-306.546 -265.436
-300.055 -227.068
-300.079 -227.085
-300.229 -228.074
-171.34 -246.646
-171.491 -247.635
-300.229 -228.074
-171.34 -246.646
-172.49 -247.469
-171.505 -247.645
-104.395 134.355
-103.41 134.18
-171.505 -247.645
-104.395 134.355
-104.416 134.339
-104.554 133.348
-74.316 130.156
-74.4535 129.166
-104.554 133.348
-74.316 130.156
-75.569 129.571
-74.721 129.041
-58.869 156.294
-58.021 155.764
-74.721 129.041
-58.869 156.294
-59.057 156.221
-59.326 155.258
106.856 109.862
106.587 108.899
-59.326 155.258
106.856 109.862
106.825 109.912
105.843 110.1
98.807 67.985
97.825 68.173
105.843 110.1
98.807 67.985
98.9295 69.0495
97.9305 69.0895
97.0795 22.8104
96.0805 22.8504
97.9305 69.0895
97.0795 22.8104
97.0365 23.8864
96.0435 23.7664
102.937 -24.9464
101.943 -25.0664
96.0435 23.7664
102.937 -24.9464
102.717 -23.8885
101.758 -24.1729
117.212 -72.737
116.253 -73.0215
101.758 -24.1729
117.212 -72.737
116.825 -71.733
115.923 -72.1655
135.737 -111.155
134.835 -111.587
115.923 -72.1655
135.737 -111.155
135.206 -110.226
134.376 -110.784
158.749 -145.296
157.919 -145.854
134.376 -110.784
158.749 -145.296
158.089 -144.454
157.348 -145.126
188.751 -178.154
188.012 -178.827
157.348 -145.126
188.751 -178.154
187.963 -177.417
187.342 -178.202
228.452 -209.458
227.832 -210.242
187.342 -178.202
228.452 -209.458
227.553 -208.861
227.071 -209.738
269.449 -231.883
268.967 -232.759
227.071 -209.738
269.449 -231.883
268.467 -231.441
268.131 -232.383
313.264 -247.407
312.928 -248.349
268.131 -232.383
313.264 -247.407
312.227 -247.126
312.04 -248.108
356 -255.447
355.813 -256.43
312.04 -248.108
356 -255.447
354.931 -255.329
354.9 -256.329
403.961 -256.85
403.93 -257.85
354.9 -256.329
403.961 -256.85
402.884 -256.905
403.016 -257.897
450.669 -250.544
450.802 -251.535
403.016 -257.897
450.669 -250.544
449.617 -250.77
449.905 -251.727
494.325 -237.352
494.612 -238.31
449.905 -251.727
494.325 -237.352
493.32 -237.747
493.763 -238.645
540.345 -214.566
540.79 -215.462
493.763 -238.645
540.345 -214.566
539.42 -215.125
540.01 -215.934
579.465 -185.967
580.055 -186.775
540.01 -215.934
579.465 -185.967
578.65 -186.665
579.355 -187.372
609.22 -156.128
609.925 -156.835
579.355 -187.372
609.22 -156.128
608.52 -156.935
609.32 -157.535
633.655 -123.42
634.455 -124.02
609.32 -157.535
633.655 -123.42
633.075 -124.316
633.95 -124.799
653.09 -88.0455
653.965 -88.529
633.95 -124.799
653.09 -88.0455
652.64 -89.0145
653.575 -89.37
667.795 -49.1749
668.73 -49.5304
653.575 -89.37
667.795 -49.1749
668.415 -50.4465
668.71 -49.4918
530.115 -7.2482
530.41 -6.29365
668.71 -49.4918
530.115 -7.2482
530.11 -7.2362
531.055 -7.55245
540.13 22.8225
541.075 22.5062
531.055 -7.55245
540.13 22.8225
540.675 21.5205
541.115 22.4175
501.82 40.6624
502.26 41.5595
541.115 22.4175
501.82 40.6624
502.715 40.2205
503.16 41.1175
404.836 88.4525
405.277 89.3495
503.16 41.1175
404.836 88.4525
405.733 88.0105
406.174 88.9075
342.875 118.982
343.318 119.88
406.174 88.9075
342.875 118.982
343.772 118.54
344.215 119.438
316.605 131.928
317.047 132.824
344.215 119.438
316.605 131.928
316.791 131.639
317.79 131.671
315.81 163.039
316.809 163.07
317.79 131.671
315.81 163.039
316.238 161.854
317.027 162.468
297.033 186.487
297.822 187.102
317.027 162.468
297.033 186.487
298.072 185.779
298.357 186.737
268.898 194.428
269.182 195.387
298.357 186.737
268.898 194.428
270.147 194.437
269.848 195.391
242.957 185.943
242.658 186.898
269.848 195.391
242.957 185.943
243.987 186.656
243.199 187.272
224.426 161.588
223.638 162.204
243.199 187.272
224.426 161.588
224.559 161.617
225.012 162.509
184.708 181.871
185.161 182.762
225.012 162.509
184.708 181.871
185.599 181.417
186.053 182.309
121.848 213.821
122.301 214.712
186.053 182.309
121.848 213.821
122.739 213.367
123.192 214.259
61.2125 244.641
61.666 245.533
123.192 214.259
61.2125 244.641
62.104 244.188
62.5575 245.079
-70.2825 311.476
-69.829 312.367
62.5575 245.079
-70.2825 311.476
-69.391 311.022
-68.9375 311.914
-135.398 344.571
-134.944 345.462
-68.9375 311.914
-135.398 344.571
-134.062 345.035
-134.971 345.453
-153.064 303.717
-153.973 304.134
-134.971 345.453
-153.064 303.717
-134.506 344.117
-134.053 345.009
-203.102 378.981
-202.649 379.872
-134.053 345.009
-203.102 378.981
-201.751 379.396
-202.626 379.879
-223.459 340.091
-224.335 340.574
-202.626 379.879
-223.459 340.091
-202.211 378.527
-201.758 379.419
-267.573 411.751
-267.119 412.642
-201.758 379.419
-267.573 411.751
-266.681 411.297
-266.228 412.189
-334.293 445.661
-333.839 446.552
-266.228 412.189
-334.293 445.661
-332.962 446.139
-333.879 446.538
-351.961 402.372
-352.878 402.771
-333.879 446.538
-351.961 402.372
-351.996 402.359
-351.549 403.254
-364.211 408.466
-363.763 409.361
-351.549 403.254
-364.211 408.466
-362.878 408.936
-363.786 409.353
-398.064 332.017
-398.973 332.434
-363.786 409.353
-398.064 332.017
-397.904 332.102
-397.732 333.086
-648.735 375.939
-648.56 376.923
-397.732 333.086
-648.735 375.939
-489.784 176.536
-490.391 177.331
-525.3 149.404
-525.905 150.199
-490.391 177.331
-525.3 149.404
-524.635 150.527
-525.625 150.673
-529.355 118.562
-530.345 118.709
-525.625 150.673
-529.355 118.562
-529.57 119.806
-530.45 119.338
-514.605 91.5925
-515.485 91.124
-530.45 119.338
-514.605 91.5925
-515.565 92.4475
-515.93 91.5165
-478.802 78.0835
-479.167 77.1525
-515.93 91.5165
-478.802 78.0835
-480.11 78.0545
-479.704 77.14
-444.141 94.005
-443.735 93.0905
-479.704 77.14
-444.141 94.005
-445.033 93.0395
-444.09 92.707
-431.16 132.383
-430.217 132.051
-444.09 92.707
-431.16 132.383
-431.086 131.077
-430.186 131.514
-447.448 164.641
-446.549 165.079
-430.186 131.514
-447.448 164.641
-446.433 163.794
-446.164 164.757
-491.101 176.283
-490.832 177.246
-446.164 164.757
-491.101 176.283
-397.649 332.931
-398.56 333.341
-445.764 226.099
-446.676 226.51
-398.56 333.341
-445.764 226.099
-445.603 226.186
-445.44 227.172
-520.17 238.478
-520.005 239.464
-445.44 227.172
-520.17 238.478
-519.18 238.318
-519.025 239.306
-550.89 243.324
-550.735 244.312
-519.025 239.306
-550.89 243.324
-549.745 244.15
-550.73 244.316
-583.75 41.0193
-584.735 41.1844
-550.73 244.316
-583.75 41.0193
-584.565 42.1746
-584.74 41.1899
-528.865 32.3
-529.04 31.3154
-584.74 41.1899
-528.865 32.3
-529.855 32.4727
-530.025 31.4872
-463.223 20.9827
-463.392 19.9973
-530.025 31.4872
-463.223 20.9827
-463.225 20.9869
-464.212 21.1497
-504.375 -228.495
-505.36 -228.332
-464.212 21.1497
-504.375 -228.495
-493.294 -160.762
-493.504 -161.74
-398.897 -180.93
-399.105 -181.908
-493.504 -161.74
-398.897 -180.93
-429.383 -242.354
-428.481 -242.787
-301.514 23.6672
-300.612 23.2341
-428.481 -242.787
-301.514 23.6672
-300.896 22.4063
-300.686 23.3842
-321.738 26.8708
-321.529 27.8486
-300.686 23.3842
-321.738 26.8708
-376.335 -89.631
-375.429 -90.0545
-277.261 122.31
-276.355 121.886
-375.429 -90.0545
-277.261 122.31
-276.771 120.983
-276.358 121.894
-381.182 168.291
-380.769 169.202
-276.358 121.894
-381.182 168.291
-380.326 167.86
-379.84 168.734
-453.97 208.776
-453.484 209.65
-379.84 168.734
-453.97 208.776
-379.952 168.961
-380.941 169.108
-417.294 -82.683
-418.283 -82.536
-380.941 169.108
-417.294 -82.683
-418.122 -81.537
-418.293 -82.5225
-375.092 -88.9825
-375.263 -89.968
-418.293 -82.5225
-375.092 -88.9825
-453.942 208.697
-453.017 208.318
-446.289 227.412
-445.363 227.033
-453.017 208.318
-446.289 227.412
-277.696 121.437
-276.812 120.969
-262.678 149.811
-261.794 149.343
-276.812 120.969
-262.678 149.811
-262.871 149.717
-263.052 148.734
-213.373 140.641
-213.553 139.658
-263.052 148.734
-213.373 140.641
-214.513 139.806
-213.521 139.682
-212.769 153.738
-211.777 153.614
-213.521 139.682
-212.769 153.738
-212.739 153.76
-212.915 152.776
-103.41 134.179
-103.586 133.195
-212.915 152.776
-103.41 134.179
-104.573 133.375
-103.59 133.192
-97.92 169.123
-96.937 168.94
-103.59 133.192
-97.92 169.123
-98.0745 168.101
-97.081 167.986
-91.489 224.889
-90.4955 224.774
-97.081 167.986
-91.489 224.889
-90.9195 223.64
-90.355 224.465
-107.11 234.714
-106.546 235.54
-90.355 224.465
-107.11 234.714
-380.78 371.342
-381.177 370.425
-355.603 360.435
-356 359.517
-381.177 370.425
-355.603 360.435
-356.483 360.846
-356.931 359.952
-105.744 235.068
-106.192 234.174
-356.931 359.952
-105.744 235.068
-97.1195 167.957
-96.937 168.941
-377.868 220.025
-377.685 221.008
-96.937 168.941
-377.868 220.025
-377.854 220.005
-376.865 219.856
-356.68 360.744
-355.691 360.595
-376.865 219.856
-356.68 360.744
258.731 48.6908
258.434 47.7358
366.416 15.2442
366.119 14.2892
258.434 47.7358
366.416 15.2442
366.402 15.2687
365.436 15.5273
338.654 -88.3875
337.688 -88.1285
365.436 15.5273
338.654 -88.3875
338.478 -88.4595
338.984 -87.5975
316.16 -75.3325
316.668 -74.4705
338.984 -87.5975
316.16 -75.3325
316.931 -75.857
317.547 -75.0685
298.903 -61.7815
299.518 -60.993
317.547 -75.0685
298.903 -61.7815
299.574 -62.4015
300.311 -61.7255
284.344 -45.7893
285.081 -45.1135
300.311 -61.7255
284.344 -45.7893
284.913 -46.5136
285.743 -45.9573
274.257 -30.5977
275.087 -30.0413
285.743 -45.9573
274.257 -30.5977
275.633 -30.9201
275.135 -30.0525
134.885 -111.603
134.387 -110.735
275.135 -30.0525
134.885 -111.603
274.719 -31.4032
275.618 -30.9664
266.467 -14.4086
267.366 -13.9718
275.618 -30.9664
266.467 -14.4086
266.81 -15.2679
267.763 -14.9652
260.482 4.65519
261.435 4.95789
267.763 -14.9652
260.482 4.65519
260.687 3.76323
261.677 3.90719
257.283 27.1628
258.273 27.3067
261.677 3.90719
257.283 27.1628
257.323 26.2691
258.321 26.2125
258.589 48.5925
259.587 48.5359
258.321 26.2125
258.589 48.5925
258.497 47.6371
259.488 47.502
261.057 66.418
262.048 66.283
259.488 47.502
261.057 66.418
261.831 65.2385
262.102 66.201
105.623 109.169
105.894 110.132
262.102 66.201
105.623 109.169
248.59 68.9435
249.561 68.705
256.129 99.65
257.1 99.4115
249.561 68.705
256.129 99.65
256.122 99.646
255.894 98.672
333.241 81.588
333.013 80.614
255.894 98.672
333.241 81.588
333.237 81.5945
332.26 81.8115
326.549 51.5135
325.573 51.7305
332.26 81.8115
326.549 51.5135
325.827 52.728
325.552 51.7665
389.048 34.6634
388.773 33.7019
325.552 51.7665
389.048 34.6634
388.095 34.9423
387.807 33.9843
491.742 3.9307
491.456 2.97266
387.807 33.9843
491.742 3.9307
490.765 4.20648
490.509 3.23991
514.575 -2.10992
514.32 -3.07648
490.509 3.23991
514.575 -2.10992
514.58 -2.1182
513.62 -1.84878
507.635 -26.9412
506.675 -26.6718
513.62 -1.84878
507.635 -26.9412
507.29 -26.325
507.29 -26.325
507.29 -26.325
507.29 -26.325
507.29 -26.325
507.29 -26.325
507.995 -26.2696
507.235 -25.6201
497.85 -38.145
497.09 -37.4954
507.235 -25.6201
497.85 -38.145
498.495 -37.3403
497.695 -36.7399
487.974 -51.355
487.175 -50.7545
497.695 -36.7399
487.974 -51.355
488.582 -50.6575
487.878 -49.9479
472.723 -66.412
472.018 -65.7025
487.878 -49.9479
472.723 -66.412
473.423 -65.819
472.84 -65.007
456.26 -78.153
455.677 -77.341
472.84 -65.007
456.26 -78.153
456.543 -76.768
455.688 -77.2875
540.805 -215.402
539.95 -215.922
455.688 -77.2875
540.805 -215.402
457.047 -77.677
456.597 -76.7835
437.488 -87.5165
437.039 -86.623
456.597 -76.7835
437.488 -87.5165
438.336 -87.174
438.039 -86.219
416.297 -94.036
415.999 -93.0815
438.039 -86.219
416.297 -94.036
417.187 -93.839
417.054 -92.848
394.566 -96.882
394.433 -95.891
417.054 -92.848
394.566 -96.882
395.503 -96.8115
395.487 -95.812
373.384 -97.178
373.367 -96.1785
395.487 -95.812
373.384 -97.178
373.259 -97.018
374.223 -97.2855
401.827 5.8256
402.79 5.55795
374.223 -97.2855
401.827 5.8256
401.84 5.83255
401.552 4.87473
505.965 -25.3997
505.675 -26.3575
401.552 4.87473
505.965 -25.3997
374.244 -97.273
374.478 -96.301
353.877 -92.369
354.111 -91.397
374.478 -96.301
353.877 -92.369
354.837 -92.61
355.09 -91.6425
337.69 -88.1325
337.943 -87.165
355.09 -91.6425
337.69 -88.1325
355.092 -91.647
354.127 -91.3875
312.978 -248.322
312.013 -248.063
354.127 -91.3875
312.978 -248.322
513.61 -1.85342
513.355 -2.81991
531.35 -6.5651
531.095 -7.5316
513.355 -2.81991
531.35 -6.5651
256.698 98.368
257.172 99.2485
201.773 127.886
202.247 128.767
257.172 99.2485
201.773 127.886
201.79 127.836
202.704 127.43
218.616 165.73
219.53 165.324
202.704 127.43
218.616 165.73
186.04 182.344
185.126 182.75
169.564 145.24
168.65 145.646
185.126 182.75
169.564 145.24
168.65 145.646
169.564 145.24
185.126 182.75
186.04 182.344
169.564 145.24
185.126 182.75
169.516 145.223
169.986 146.107
106.373 178.848
106.843 179.732
169.986 146.107
106.373 178.848
101.597 169.548
102.507 169.132
122.273 214.703
123.183 214.286
102.507 169.132
122.273 214.703
102.467 169.119
102.936 170.002
38.4539 203.103
38.9229 203.986
102.936 170.002
38.4539 203.103
38.4513 203.111
39.3284 202.632
61.6865 245.538
62.5635 245.059
39.3284 202.632
61.6865 245.538
39.3675 202.644
39.7961 203.548
-24.6061 232.992
-24.1775 233.896
39.7961 203.548
-24.6061 232.992
-23.267 233.447
-24.1571 233.903
-40.7029 199.402
-41.5929 199.858
-24.1571 233.903
-40.7029 199.402
-40.6878 199.407
-40.2521 200.307
-91.718 224.102
-91.2825 225.003
-40.2521 200.307
-91.718 224.102
-107.082 234.61
-106.18 234.178
-69.845 312.362
-68.943 311.93
-106.18 234.178
-69.845 312.362
-352.45 403.698
-352.888 402.8
-285.246 370.915
-285.685 370.017
-352.888 402.8
-285.246 370.915
-286.578 370.44
-285.67 370.022
-267.145 412.634
-266.237 412.215
-285.67 370.022
-267.145 412.634
-285.28 370.997
-286.228 371.319
-299.033 330.551
-299.979 330.872
-286.228 371.319
-299.033 330.551
-362.315 321.142
-362.507 320.16
-225.493 294.264
-225.686 293.283
-362.507 320.16
-225.493 294.264
-225.503 294.278
-226.488 294.448
-242.617 194.878
-243.602 195.047
-226.488 294.448
-242.617 194.878
-372.023 267.775
-372.21 266.792
-234.54 241.738
-234.727 240.755
-372.21 266.792
-234.54 241.738
-327.43 314.308
-328.418 314.461
-335.827 259.919
-336.815 260.072
-328.418 314.461
-335.827 259.919
-324.06 258.69
-325.045 258.865
-332.435 211.49
-333.419 211.665
-325.045 258.865
-332.435 211.49
-281.578 250.653
-282.563 250.822
-289.682 203.583
-290.668 203.752
-282.563 250.822
-289.682 203.583
-163.247 262.749
-164.234 262.909
-176.201 182.602
-177.189 182.761
-164.234 262.909
-176.201 182.602
332.022 80.8725
332.983 80.5965
343.203 119.828
344.164 119.552
332.983 80.5965
343.203 119.828
387.803 33.9928
388.757 33.6931
405.178 89.307
406.132 89.007
388.757 33.6931
405.178 89.307
490.496 3.26254
491.453 2.97093
502.16 41.5141
503.115 41.2225
491.453 2.97093
502.16 41.5141
-520.165 238.471
-519.175 238.32
-503.035 351.039
-502.045 350.889
-519.175 238.32
-503.035 351.039
-658.245 311.552
-658.425 310.569
-512.115 284.636
-512.295 283.652
-658.425 310.569
-512.115 284.636
-553.15 222.946
-552.975 223.93
-668.4 243.255
-668.225 244.239
-552.975 223.93
-668.4 243.255
-676.86 185.979
-677.035 184.995
-562.275 165.786
-562.45 164.801
-677.035 184.995
-562.275 165.786
-685.12 130.219
-685.305 129.238
-571.425 108.577
-571.61 107.595
-685.305 129.238
-571.425 108.577
-582.23 41.035
-582.1 42.0268
-695.435 55.663
-695.305 56.655
-582.1 42.0268
-695.435 55.663
-528.74 32.3307
-529.73 32.452
-541.8 -74.587
-542.79 -74.4655
-529.73 32.452
-541.8 -74.587
-711.13 -45.2272
-711.3 -46.2127
-480.197 -85.0925
-480.367 -86.078
-711.3 -46.2127
-480.197 -85.0925
-537.775 -33.6166
-537.95 -34.6017
-473.741 -44.7733
-473.913 -45.7584
-537.95 -34.6017
-473.741 -44.7733
-300.237 -228.064
-299.25 -228.232
-282.199 -121.474
-281.214 -121.641
-299.25 -228.232
-282.199 -121.474
-363.991 -107.78
-364.155 -108.766
-152.87 -143.13
-153.035 -144.115
-364.155 -108.766
-152.87 -143.13
-301.69 23.5763
-301.857 22.5903
-128.363 -5.7203
-128.531 -6.70635
-301.857 22.5903
-128.363 -5.7203
-301.69 23.5763
-301.857 22.5903
-128.363 -5.7203
-128.531 -6.70635
-301.857 22.5903
-128.363 -5.7203
-128.363 -5.7203
