-1295.17 753.533 -1297.15 753.826 -1462.04 -372.356 -1464.02 -372.063 -1297.15 753.826 -1462.04 -372.356
-1463.68 -370.053 -1464.05 -372.02 -612.714 -528.9 -613.08 -530.867 -1464.05 -372.02 -612.714 -528.9
-615.053 -530.489 -613.091 -530.873 -600.109 -454.137 -598.147 -454.521 -613.091 -530.873 -600.109 -454.137
-600.158 -454.171 -600.459 -456.148 -342.681 -493.292 -342.982 -495.269 -600.459 -456.148 -342.681 -493.292
-344.98 -494.939 -343.011 -495.29 -208.789 268.71 -206.82 268.359 -343.011 -495.29 -208.789 268.71
-208.833 268.678 -209.108 266.697 -148.632 260.313 -148.907 258.332 -209.108 266.697 -148.632 260.313
-151.138 259.142 -149.442 258.082 -117.738 312.588 -116.042 311.528 -149.442 258.082 -117.738 312.588
-118.114 312.442 -118.652 310.516 213.712 219.724 213.174 217.798 -118.652 310.516 213.712 219.724
213.65 219.824 211.686 220.2 197.614 135.97 195.65 136.346 211.686 220.2 197.614 135.97
197.859 138.099 195.861 138.179 194.159 45.6208 192.161 45.7008 195.861 138.179 194.159 45.6208
194.073 47.7727 192.087 47.5328 205.873 -49.8928 203.887 -50.1327 192.087 47.5328 205.873 -49.8928
205.434 -47.7769 203.517 -48.3458 234.423 -145.474 232.506 -146.043 203.517 -48.3458 234.423 -145.474
233.649 -143.466 231.846 -144.331 271.474 -222.309 269.671 -223.174 231.846 -144.331 271.474 -222.309
270.413 -220.452 268.752 -221.567 317.498 -290.593 315.837 -291.708 268.752 -221.567 317.498 -290.593
316.177 -288.907 314.697 -290.253 377.503 -356.307 376.023 -357.653 314.697 -290.253 377.503 -356.307
375.926 -354.835 374.685 -356.404 456.905 -418.916 455.664 -420.485 374.685 -356.404 456.905 -418.916
455.105 -417.722 454.142 -419.475 538.898 -463.765 537.935 -465.518 454.142 -419.475 538.898 -463.765
536.934 -462.882 536.262 -464.766 626.528 -494.814 625.856 -496.698 536.262 -464.766 626.528 -494.814
624.454 -494.251 624.081 -496.216 711.999 -510.894 711.626 -512.859 624.081 -496.216 711.999 -510.894
709.862 -510.659 709.799 -512.659 807.921 -513.701 807.859 -515.701 709.799 -512.659 807.921 -513.701
805.767 -513.811 806.031 -515.793 901.339 -501.087 901.603 -503.069 806.031 -515.793 901.339 -501.087
899.235 -501.54 899.81 -503.455 988.65 -474.705 989.225 -476.62 899.81 -503.455 988.65 -474.705
986.641 -475.495 987.525 -477.289 1080.69 -429.131 1081.58 -430.925 987.525 -477.289 1080.69 -429.131
1078.84 -430.25 1080.02 -431.867 1158.93 -371.933 1160.11 -373.55 1080.02 -431.867 1158.93 -371.933
1157.3 -373.329 1158.71 -374.744 1218.44 -312.256 1219.85 -313.671 1158.71 -374.744 1218.44 -312.256
1217.04 -313.87 1218.64 -315.07 1267.31 -246.84 1268.91 -248.04 1218.64 -315.07 1267.31 -246.84
1266.15 -248.632 1267.9 -249.599 1306.18 -176.091 1307.93 -177.058 1267.9 -249.599 1306.18 -176.091
1305.28 -178.029 1307.15 -178.74 1335.59 -98.3498 1337.46 -99.0609 1307.15 -178.74 1335.59 -98.3498
1336.83 -100.893 1337.42 -98.9836 1060.23 -14.4964 1060.82 -12.5873 1337.42 -98.9836 1060.23 -14.4964
1060.22 -14.4724 1062.11 -15.1049 1080.26 45.6449 1082.15 45.0124 1062.11 -15.1049 1080.26 45.6449
1081.35 43.041 1082.23 44.8351 1003.64 81.3249 1004.52 83.119 1082.23 44.8351 1003.64 81.3249
1005.43 80.441 1006.32 82.235 809.671 176.905 810.555 178.699 1006.32 82.235 809.671 176.905
811.465 176.021 812.349 177.815 685.751 237.965 686.635 239.759 812.349 177.815 685.751 237.965
687.545 237.081 688.429 238.875 633.211 263.855 634.095 265.649 688.429 238.875 633.211 263.855
633.582 263.279 635.581 263.342 631.619 326.078 633.618 326.141 635.581 263.342 631.619 326.078
632.476 323.707 634.054 324.936 594.066 372.974 595.644 374.203 634.054 324.936 594.066 372.974
596.144 371.557 596.713 373.474 537.797 388.855 538.365 390.773 596.713 373.474 537.797 388.855
540.293 388.874 539.696 390.783 485.914 371.887 485.317 373.796 539.696 390.783 485.914 371.887
487.974 373.313 486.397 374.544 448.853 323.176 447.276 324.407 486.397 374.544 448.853 323.176
449.118 323.235 450.025 325.018 369.415 363.742 370.322 365.525 450.025 325.018 369.415 363.742
371.198 362.835 372.105 364.618 243.695 427.642 244.602 429.425 372.105 364.618 243.695 427.642
245.478 426.735 246.385 428.518 122.425 489.282 123.332 491.065 246.385 428.518 122.425 489.282
124.208 488.375 125.115 490.158 -140.565 622.952 -139.658 624.735 125.115 490.158 -140.565 622.952
-138.782 622.045 -137.875 623.828 -270.795 689.142 -269.888 690.925 -137.875 623.828 -270.795 689.142
-268.124 690.071 -269.941 690.906 -306.129 607.434 -307.946 608.269 -269.941 690.906 -306.129 607.434
-269.012 688.235 -268.105 690.018 -406.205 757.962 -405.298 759.745 -268.105 690.018 -406.205 757.962
-403.501 758.792 -405.252 759.759 -446.918 680.181 -448.669 681.148 -405.252 759.759 -446.918 680.181
-404.422 757.055 -403.515 758.838 -535.145 823.502 -534.238 825.285 -403.515 758.838 -535.145 823.502
-533.362 822.595 -532.455 824.378 -668.585 891.322 -667.678 893.105 -532.455 824.378 -668.585 891.322
-665.924 892.279 -667.759 893.076 -703.921 804.745 -705.755 805.541 -667.759 893.076 -703.921 804.745
-703.993 804.718 -703.098 806.507 -728.422 816.933 -727.527 818.722 -703.098 806.507 -728.422 816.933
-725.755 817.873 -727.573 818.705 -796.127 664.035 -797.945 664.867 -727.573 818.705 -796.127 664.035
-795.807 664.203 -795.463 666.173 -1297.47 751.877 -1297.12 753.847 -795.463 666.173 -1297.47 751.877
-795.807 664.203 -795.463 666.173 -1297.47 751.877 -1297.12 753.847 -795.463 666.173 -1297.47 751.877
