-1295.17 753.533 -1297.15 753.826 -1462.04 -372.356 -1464.02 -372.063 -1297.15 753.826 -1462.04 -372.356
-1463.68 -370.053 -1464.05 -372.02 -612.714 -528.9 -613.08 -530.867 -1464.05 -372.02 -612.714 -528.9
-615.053 -530.489 -613.091 -530.873 -600.109 -454.137 -598.147 -454.521 -613.091 -530.873 -600.109 -454.137
-600.158 -454.171 -600.459 -456.148 -342.681 -493.292 -342.982 -495.269 -600.459 -456.148 -342.681 -493.292
-344.98 -494.939 -343.011 -495.29 -208.789 268.71 -206.82 268.359 -343.011 -495.29 -208.789 268.71
-208.833 268.678 -209.108 266.697 -148.632 260.313 -148.907 258.332 -209.108 266.697 -148.632 260.313
-151.138 259.142 -149.442 258.082 -117.738 312.588 -116.042 311.528 -149.442 258.082 -117.738 312.588
-118.114 312.442 -118.652 310.516 213.712 219.724 213.174 217.798 -118.652 310.516 213.712 219.724
213.65 219.824 211.686 220.2 197.614 135.97 195.65 136.346 211.686 220.2 197.614 135.97
197.859 138.099 195.861 138.179 194.159 45.6208 192.161 45.7008 195.861 138.179 194.159 45.6208
194.073 47.7727 192.087 47.5328 205.873 -49.8928 203.887 -50.1327 192.087 47.5328 205.873 -49.8928
205.434 -47.7769 203.517 -48.3458 234.423 -145.474 232.506 -146.043 203.517 -48.3458 234.423 -145.474
233.649 -143.466 231.846 -144.331 271.474 -222.309 269.671 -223.174 231.846 -144.331 271.474 -222.309
270.413 -220.452 268.752 -221.567 317.498 -290.593 315.837 -291.708 268.752 -221.567 317.498 -290.593
316.177 -288.907 314.697 -290.253 377.503 -356.307 376.023 -357.653 314.697 -290.253 377.503 -356.307
375.926 -354.835 374.685 -356.404 456.905 -418.916 455.664 -420.485 374.685 -356.404 456.905 -418.916
455.105 -417.722 454.142 -419.475 538.898 -463.765 537.935 -465.518 454.142 -419.475 538.898 -463.765
536.934 -462.882 536.262 -464.766 626.528 -494.814 625.856 -496.698 536.262 -464.766 626.528 -494.814
624.454 -494.251 624.081 -496.216 711.999 -510.894 711.626 -512.859 624.081 -496.216 711.999 -510.894
709.862 -510.659 709.799 -512.659 807.921 -513.701 807.859 -515.701 709.799 -512.659 807.921 -513.701
805.767 -513.811 806.031 -515.793 901.339 -501.087 901.603 -503.069 806.031 -515.793 901.339 -501.087
899.235 -501.54 899.81 -503.455 988.65 -474.705 989.225 -476.62 899.81 -503.455 988.65 -474.705
986.641 -475.495 987.525 -477.289 1080.69 -429.131 1081.58 -430.925 987.525 -477.289 1080.69 -429.131
1078.84 -430.25 1080.02 -431.867 1158.93 -371.933 1160.11 -373.55 1080.02 -431.867 1158.93 -371.933
1157.3 -373.329 1158.71 -374.744 1218.44 -312.256 1219.85 -313.671 1158.71 -374.744 1218.44 -312.256
1217.04 -313.87 1218.64 -315.07 1267.31 -246.84 1268.91 -248.04 1218.64 -315.07 1267.31 -246.84
1266.15 -248.632 1267.9 -249.599 1306.18 -176.091 1307.93 -177.058 1267.9 -249.599 1306.18 -176.091
1305.28 -178.029 1307.15 -178.74 1335.59 -98.3498 1337.46 -99.0609 1307.15 -178.74 1335.59 -98.3498
1336.83 -100.893 1337.42 -98.9836 1060.23 -14.4964 1060.82 -12.5873 1337.42 -98.9836 1060.23 -14.4964
1060.22 -14.4724 1062.11 -15.1049 1080.26 45.6449 1082.15 45.0124 1062.11 -15.1049 1080.26 45.6449
1081.35 43.041 1082.23 44.8351 1003.64 81.3249 1004.52 83.119 1082.23 44.8351 1003.64 81.3249
1005.43 80.441 1006.32 82.235 809.671 176.905 810.555 178.699 1006.32 82.235 809.671 176.905
811.465 176.021 812.349 177.815 685.751 237.965 686.635 239.759 812.349 177.815 685.751 237.965
687.545 237.081 688.429 238.875 633.211 263.855 634.095 265.649 688.429 238.875 633.211 263.855
633.582 263.279 635.581 263.342 631.619 326.078 633.618 326.141 635.581 263.342 631.619 326.078
632.476 323.707 634.054 324.936 594.066 372.974 595.644 374.203 634.054 324.936 594.066 372.974
596.144 371.557 596.713 373.474 537.797 388.855 538.365 390.773 596.713 373.474 537.797 388.855
540.293 388.874 539.696 390.783 485.914 371.887 485.317 373.796 539.696 390.783 485.914 371.887
487.974 373.313 486.397 374.544 448.853 323.176 447.276 324.407 486.397 374.544 448.853 323.176
449.118 323.235 450.025 325.018 369.415 363.742 370.322 365.525 450.025 325.018 369.415 363.742
371.198 362.835 372.105 364.618 243.695 427.642 244.602 429.425 372.105 364.618 243.695 427.642
245.478 426.735 246.385 428.518 122.425 489.282 123.332 491.065 246.385 428.518 122.425 489.282
124.208 488.375 125.115 490.158 -140.565 622.952 -139.658 624.735 125.115 490.158 -140.565 622.952
-138.782 622.045 -137.875 623.828 -270.795 689.142 -269.888 690.925 -137.875 623.828 -270.795 689.142
-268.124 690.071 -269.941 690.906 -306.129 607.434 -307.946 608.269 -269.941 690.906 -306.129 607.434
-269.012 688.235 -268.105 690.018 -406.205 757.962 -405.298 759.745 -268.105 690.018 -406.205 757.962
-403.501 758.792 -405.252 759.759 -446.918 680.181 -448.669 681.148 -405.252 759.759 -446.918 680.181
-404.422 757.055 -403.515 758.838 -535.145 823.502 -534.238 825.285 -403.515 758.838 -535.145 823.502
-533.362 822.595 -532.455 824.378 -668.585 891.322 -667.678 893.105 -532.455 824.378 -668.585 891.322
-665.924 892.279 -667.759 893.076 -703.921 804.745 -705.755 805.541 -667.759 893.076 -703.921 804.745
-703.993 804.718 -703.098 806.507 -728.422 816.933 -727.527 818.722 -703.098 806.507 -728.422 816.933
-725.755 817.873 -727.573 818.705 -796.127 664.035 -797.945 664.867 -727.573 818.705 -796.127 664.035
-795.807 664.203 -795.463 666.173 -1297.47 751.877 -1297.12 753.847 -795.463 666.173 -1297.47 751.877
-979.568 353.072 -980.782 354.662 -1050.6 298.808 -1051.81 300.398 -980.782 354.662 -1050.6 298.808
-1049.27 301.053 -1051.25 301.345 -1058.71 237.125 -1060.69 237.417 -1051.25 301.345 -1058.71 237.125
-1059.14 239.612 -1060.9 238.675 -1029.21 183.185 -1030.97 182.248 -1060.9 238.675 -1029.21 183.185
-1031.13 184.895 -1031.86 183.033 -957.605 156.167 -958.333 154.305 -1031.86 183.033 -957.605 156.167
-960.22 156.109 -959.409 154.28 -888.281 188.01 -887.47 186.181 -959.409 154.28 -888.281 188.01
-890.066 186.079 -888.179 185.414 -862.321 264.766 -860.434 264.101 -888.179 185.414 -862.321 264.766
-862.171 262.153 -860.373 263.029 -894.897 329.281 -893.099 330.157 -860.373 263.029 -894.897 329.281
-892.866 327.588 -892.328 329.514 -982.202 352.566 -981.664 354.492 -892.328 329.514 -982.202 352.566
-795.298 665.861 -797.121 666.682 -891.529 452.198 -893.352 453.019 -797.121 666.682 -891.529 452.198
-891.206 452.371 -890.881 454.344 -1040.34 476.956 -1040.01 478.929 -890.881 454.344 -1040.34 476.956
-1038.36 476.636 -1038.05 478.612 -1101.78 486.648 -1101.47 488.624 -1038.05 478.612 -1101.78 486.648
-1099.49 488.301 -1101.46 488.631 -1167.5 82.0386 -1169.47 82.3688 -1101.46 488.631 -1167.5 82.0386
-1169.13 84.3492 -1169.48 82.3799 -1057.73 64.6001 -1058.08 62.6308 -1169.48 82.3799 -1057.73 64.6001
-1059.71 64.9454 -1060.05 62.9745 -926.445 41.9655 -926.784 39.9946 -1060.05 62.9745 -926.445 41.9655
-926.451 41.9739 -928.424 42.2994 -1008.75 -456.989 -1010.72 -456.664 -928.424 42.2994 -1008.75 -456.989
-986.589 -321.523 -987.007 -323.479 -795.433 -362.371 -795.851 -364.327 -987.007 -323.479 -795.433 -362.371
-858.765 -484.708 -856.962 -485.574 -603.028 47.3345 -601.225 46.4681 -856.962 -485.574 -603.028 47.3345
-601.792 44.8127 -601.373 46.7684 -643.477 53.7416 -643.058 55.6973 -601.373 46.7684 -643.477 53.7416
-752.673 -179.251 -750.869 -180.113 -554.511 235.623 -552.707 234.761 -750.869 -180.113 -554.511 235.623
-553.589 232.95 -552.7 234.741 -762.38 336.629 -761.491 338.42 -552.7 234.741 -762.38 336.629
-760.651 335.72 -759.68 337.468 -907.94 417.552 -906.969 419.3 -759.68 337.468 -907.94 417.552
-759.904 337.922 -761.882 338.216 -834.588 -165.366 -836.566 -165.072 -761.882 338.216 -834.588 -165.366
-836.245 -163.074 -836.586 -165.045 -750.184 -177.965 -750.525 -179.936 -836.586 -165.045 -750.184 -177.965
-907.884 417.393 -906.033 416.636 -892.577 454.824 -890.726 454.067 -906.033 416.636 -892.577 454.824
-555.392 242.874 -553.624 241.938 -525.356 299.622 -523.588 298.686 -553.624 241.938 -525.356 299.622
-525.743 299.434 -526.104 297.467 -426.746 281.283 -427.107 279.316 -526.104 297.467 -426.746 281.283
-429.026 279.612 -427.042 279.364 -425.538 307.476 -423.554 307.228 -427.042 279.364 -425.538 307.476
-425.478 307.521 -425.831 305.552 -206.819 268.358 -207.172 266.389 -425.831 305.552 -206.819 268.358
-209.146 266.75 -207.18 266.384 -195.84 338.246 -193.874 337.88 -207.18 266.384 -195.84 338.246
-196.149 336.202 -194.162 335.971 -182.978 449.779 -180.991 449.548 -194.162 335.971 -182.978 449.779
-181.839 447.28 -180.71 448.931 -214.22 469.429 -213.091 471.08 -180.71 448.931 -214.22 469.429
-761.56 742.685 -762.355 740.85 -711.205 720.87 -712 719.035 -762.355 740.85 -711.205 720.87
-712.966 721.692 -713.862 719.904 -211.488 470.135 -212.385 468.348 -713.862 719.904 -211.488 470.135
-194.239 335.914 -193.874 337.881 -755.736 440.049 -755.371 442.016 -193.874 337.881 -755.736 440.049
-755.708 440.01 -753.73 439.712 -713.36 721.488 -711.382 721.19 -753.73 439.712 -713.36 721.488
517.462 97.3816 516.868 95.4716 732.832 30.4884 732.238 28.5784 516.868 95.4716 732.832 30.4884
732.805 30.5374 730.873 31.0546 677.307 -176.775 675.375 -176.257 730.873 31.0546 677.307 -176.775
676.955 -176.919 677.969 -175.195 632.321 -150.665 633.335 -148.941 677.969 -175.195 632.321 -150.665
633.863 -151.714 635.094 -150.137 597.806 -123.563 599.037 -121.986 635.094 -150.137 597.806 -123.563
599.149 -124.803 600.623 -123.451 568.687 -91.5787 570.161 -90.2271 600.623 -123.451 568.687 -91.5787
569.825 -93.0273 571.487 -91.9146 548.513 -61.1954 550.175 -60.0827 571.487 -91.9146 548.513 -61.1954
551.265 -61.8402 550.27 -60.1051 269.77 -223.205 268.775 -221.47 550.27 -60.1051 269.77 -223.205
549.437 -62.8064 551.236 -61.9328 532.934 -28.8172 534.733 -27.9436 551.236 -61.9328 532.934 -28.8172
533.62 -30.5358 535.526 -29.9304 520.964 9.31038 522.87 9.91579 535.526 -29.9304 520.964 9.31038
521.374 7.52646 523.354 7.81437 514.566 54.3256 516.546 54.6135 523.354 7.81437 514.566 54.3256
514.645 52.5383 516.642 52.425 517.178 97.185 519.175 97.0717 516.642 52.425 517.178 97.185
516.994 95.2742 518.976 95.0041 522.114 132.836 524.096 132.566 518.976 95.0041 522.114 132.836
523.662 130.477 524.203 132.402 211.247 218.338 211.788 220.263 524.203 132.402 211.247 218.338
497.18 137.887 499.123 137.41 512.257 199.3 514.2 198.823 499.123 137.41 512.257 199.3
512.244 199.292 511.788 197.344 666.482 163.176 666.026 161.228 511.788 197.344 666.482 163.176
666.473 163.189 664.521 163.623 653.099 103.027 651.147 103.461 664.521 163.623 653.099 103.027
651.653 105.456 651.104 103.533 778.096 69.3268 777.547 67.4037 651.104 103.533 778.096 69.3268
776.189 69.8847 775.615 67.9686 983.485 7.86139 982.911 5.94532 775.615 67.9686 983.485 7.86139
981.53 8.41297 981.017 6.47983 1029.15 -4.21983 1028.64 -6.15297 981.017 6.47983 1029.15 -4.21983
1029.16 -4.23639 1027.24 -3.69756 1015.27 -53.8824 1013.35 -53.3436 1027.24 -3.69756 1015.27 -53.8824
1014.58 -52.65 1014.58 -52.65 1014.58 -52.65 1014.58 -52.65 1014.58 -52.65 1014.58 -52.65
1015.99 -52.5392 1014.47 -51.2401 995.701 -76.2899 994.18 -74.9908 1014.47 -51.2401 995.701 -76.2899
996.99 -74.6806 995.391 -73.4799 975.949 -102.71 974.35 -101.509 995.391 -73.4799 975.949 -102.71
977.164 -101.315 975.755 -99.8958 945.445 -132.824 944.036 -131.405 975.755 -99.8958 945.445 -132.824
946.846 -131.638 945.679 -130.014 912.521 -156.306 911.354 -154.682 945.679 -130.014 912.521 -156.306
913.085 -153.536 911.376 -154.575 1081.61 -430.805 1079.9 -431.844 911.376 -154.575 1081.61 -430.805
914.093 -155.354 913.194 -153.567 874.976 -175.033 874.077 -173.246 913.194 -153.567 874.976 -175.033
876.672 -174.348 876.077 -172.438 832.593 -188.072 831.998 -186.163 876.077 -172.438 832.593 -188.072
834.374 -187.678 834.108 -185.696 789.132 -193.764 788.866 -191.782 834.108 -185.696 789.132 -193.764
791.006 -193.623 790.973 -191.624 746.767 -194.356 746.734 -192.357 790.973 -191.624 746.767 -194.356
746.519 -194.036 748.446 -194.571 803.654 11.6512 805.581 11.1159 748.446 -194.571 803.654 11.6512
803.679 11.6651 803.105 9.74947 1011.93 -50.7995 1011.35 -52.7151 803.105 9.74947 1011.93 -50.7995
748.488 -194.546 748.956 -192.602 707.754 -184.738 708.222 -182.794 748.956 -192.602 707.754 -184.738
709.675 -185.22 710.18 -183.285 675.38 -176.265 675.885 -174.33 710.18 -183.285 675.38 -176.265
710.185 -183.294 708.254 -182.775 625.956 -496.645 624.025 -496.126 708.254 -182.775 625.956 -496.645
1027.22 -3.70683 1026.71 -5.63982 1062.7 -13.1302 1062.19 -15.0632 1026.71 -5.63982 1062.7 -13.1302
513.397 196.736 514.344 198.497 403.546 255.773 404.493 257.534 514.344 198.497 403.546 255.773
403.58 255.672 405.408 254.86 437.232 331.46 439.06 330.648 405.408 254.86 437.232 331.46
372.08 364.688 370.252 365.5 339.128 290.48 337.3 291.292 370.252 365.5 339.128 290.48
337.3 291.292 339.128 290.48 370.252 365.5 372.08 364.688 339.128 290.48 370.252 365.5
339.033 290.447 339.973 292.213 212.747 357.697 213.687 359.463 339.973 292.213 212.747 357.697
203.194 339.097 205.013 338.264 244.547 429.406 246.366 428.573 205.013 338.264 244.547 429.406
204.934 338.238 205.872 340.004 76.9079 406.206 77.8457 407.972 205.872 340.004 76.9079 406.206
76.9026 406.223 78.6567 405.263 123.373 491.077 125.127 490.117 78.6567 405.263 123.373 491.077
78.7349 405.288 79.5921 407.095 -49.2121 465.985 -48.3549 467.792 79.5921 407.095 -49.2121 465.985
-46.5341 466.894 -48.3142 467.806 -81.4058 398.804 -83.1859 399.716 -48.3142 467.806 -81.4058 398.804
-81.3755 398.814 -80.5042 400.615 -183.436 448.205 -182.565 450.006 -80.5042 400.615 -183.436 448.205
-214.164 469.22 -212.36 468.356 -139.69 624.724 -137.886 623.86 -212.36 468.356 -139.69 624.724
-704.9 807.397 -705.777 805.6 -570.493 741.83 -571.37 740.033 -705.777 805.6 -570.493 741.83
-573.157 740.88 -571.34 740.043 -534.29 825.267 -532.473 824.43 -571.34 740.043 -534.29 825.267
-570.561 741.995 -572.455 742.639 -598.065 661.101 -599.959 661.745 -572.455 742.639 -598.065 661.101
-724.629 642.284 -725.014 640.321 -450.986 588.529 -451.372 586.566 -725.014 640.321 -450.986 588.529
-451.005 588.556 -452.976 588.895 -485.304 389.295 -487.275 389.634 -452.976 588.895 -485.304 389.295
-744.046 535.549 -744.419 533.584 -469.081 483.476 -469.454 481.511 -744.419 533.584 -469.081 483.476
-654.859 628.616 -656.836 628.921 -671.654 519.839 -673.631 520.144 -656.836 628.921 -671.654 519.839
-648.121 517.38 -650.09 517.729 -664.9 422.831 -666.869 423.18 -650.09 517.729 -664.9 422.831
-563.155 501.306 -565.126 501.645 -579.414 406.865 -581.385 407.204 -565.126 501.645 -579.414 406.865
-326.493 525.498 -328.468 525.817 -352.692 363.433 -354.667 363.752 -328.468 525.817 -352.692 363.433
664.043 161.745 665.965 161.193 686.405 239.657 688.327 239.105 665.965 161.193 686.405 239.657
775.606 67.9856 777.514 67.3863 810.356 178.614 812.264 178.014 777.514 67.3863 810.356 178.614
980.992 6.52508 982.905 5.94185 1004.32 83.0282 1006.23 82.4449 982.905 5.94185 1004.32 83.0282
980.992 6.52508 982.905 5.94185 1004.32 83.0282 1006.23 82.4449 982.905 5.94185 1004.32 83.0282
