-1296.31 752.69 -1462.88 -371.22
-1462.88 -371.22 -613.88 -529.7
-613.88 -529.7 -599.32 -455.31
-599.32 -455.31 -343.82 -494.13
-343.82 -494.13 -207.98 267.55
-207.98 267.55 -149.76 259.46
-149.76 259.46 -117.42 311.21
-117.42 311.21 212.48 219.03
212.48 219.03 196.82 137.14
196.82 137.14 193.2 46.66
193.2 46.66 204.76 -49.02
204.76 -49.02 233.18 -144.8
233.18 -144.8 270.14 -221.84
270.14 -221.84 316.11 -290.32
316.11 -290.32 376.09 -356.24
376.09 -356.24 455.5 -419.08
455.5 -419.08 537.54 -464.16
537.54 -464.16 625.25 -495.42
625.25 -495.42 710.83 -511.69
710.83 -511.69 806.89 -514.67
806.89 -514.67 900.48 -502.21
900.48 -502.21 987.98 -475.95
987.98 -475.95 1080.24 -430.47
1080.24 -430.47 1158.71 -373.33
1158.71 -373.33 1218.44 -313.67
1218.44 -313.67 1267.51 -248.24
1267.51 -248.24 1306.57 -177.45
1306.57 -177.45 1336.17 -99.64

1336.17 -99.64 1061.48 -13.84
1061.48 -13.84 1080.89 44.38
1080.89 44.38 1004.98 81.78
1004.98 81.78 811.01 177.36
811.01 177.36 687.09 238.42
687.09 238.42 634.55 264.31
634.55 264.31 632.65 325.11
632.65 325.11 595.47 372.8
595.47 372.8 539.04 389.53
539.04 389.53 486.57 373.14
486.57 373.14 448.68 324.58
448.68 324.58 370.76 364.18
370.76 364.18 245.04 428.08
245.04 428.08 123.77 489.72
123.77 489.72 -139.22 623.39
-139.22 623.39 -269.45 689.58
-269.45 689.58 -306.62 608.76
-269.45 689.58 -404.86 758.4
-404.86 758.4 -447.31 681.54
-404.86 758.4 -533.8 823.94
-533.8 823.94 -667.24 891.76
-667.24 891.76 -704.44 806.06
-704.44 806.06 -727.08 817.38
-727.08 817.38 -796.62 665.36
-796.62 665.36 -1296.31 752.69

-980.97 353.26 -1050.41 300.21
-1050.41 300.21 -1059.55 238.26
-1059.55 238.26 -1030.56 183.6
-1030.56 183.6 -958.9 155.6
-958.9 155.6 -888.79 186.69
-888.79 186.69 -861.71 263.49
-861.71 263.49 -893.56 328.82
-893.56 328.82 -980.97 353.26

-796.62 665.36 -892.03 453.52
-892.03 453.52 -1039.19 477.78
-1039.19 477.78 -1100.64 487.48
-1100.64 487.48 -1168.32 83.19
-1168.32 83.19 -1058.89 63.79
-1058.89 63.79 -927.6 41.15
-927.6 41.15 -1009.57 -455.84
-985.82 -322.71 -796.62 -363.14
-857.43 -484.24 -602.56 46
-602.56 46 -642.29 54.51

-751.34 -178.78 -554.04 234.29
-554.04 234.29 -761.04 337.08
-761.04 337.08 -906.58 417.94
-761.04 337.08 -835.43 -164.23
-835.43 -164.23 -751.34 -178.78
-906.58 417.94 -892.03 453.52
-554.04 243.29 -524.94 298.27
-524.94 298.27 -427.91 280.48 
-427.91 280.48 -424.67 306.36
-424.67 306.36 -207.98 267.55
-207.98 267.55 -195.04 337.08
-195.04 337.08 -182.1 448.67
-182.1 448.67 -212.83 469.69

-761.04 741.37 -712.52 720.35
-712.52 720.35 -212.83 469.69
-195.04 337.08 -754.57 440.85
-754.57 440.85 -712.52 720.35
































