1102.76 -379.29 1067.1 -333.24 1125.78 -361.46
1090.12 -315.41 1067.1 -333.24 1125.78 -361.46
1125.78 -361.46 965.32 -154.27 1148.8 -343.63
965.32 -154.27 1148.8 -343.63 988.34 -136.44

1176.67 -307.57 1015.81 -94.01 1039.54 -76.14
1176.67 -307.57 1039.54 -76.14 1200.4 -289.69

1176.67 -307.57 1015.81 -94.01 1039.54 -76.14
1176.67 -307.57 1039.54 -76.14 1200.4 -289.69

1086.1 -72.47 1108.75 -55.31 1223.42 -253.67
1108.75 -55.31 1223.42 -253.67 1246.06 -236.5

1188.19 -99.59 1211.35 -81.76 1259.5 -192.23
1211.35 -81.76 1259.5 -192.23 1282.66 -174.4


958.76 -353.01 944.65 -465.09 986.78 -356.54
944.65 -465.09 986.78 -356.54 972.67 -468.62

860.62 -496 891.67 -241.21 888.93 -499.45
891.67 -241.21 888.93 -499.45 919.98 -244.66

777.37 -503.96 810.16 -253.96 805.14 -507.6
810.16 -253.96 837.93 -257.61 805.14 -507.6

671.87 -498.19 679.2 -440.72 700.6 -501.86
679.2 -440.72 700.6 -501.86 707.93 -444.39
700.6 -501.86 733.6 -243.25 729.33 -505.53
733.6 -243.25 729.33 -505.53 762.33 -246.91


519.79 -420.41 609.59 -351.54 537 -442.86
609.59 -351.54 537 -442.86 626.81 -374

435.72 -385.37 638 -231.63 452.8 -407.85
638 -231.63 452.8 -407.85 655.09 -254.1

382.13 -337.03 584.17 -182.99 399.25 -359.48
584.17 -182.99 399.25 -359.48 601.29 -205.44

311.95 -257.68 357.42 -222.92 329.34 -280.42
357.42 -222.92 329.34 -280.42 374.81 -245.65
329.34 -280.42 533.95 -123.97 346.72 -303.15
533.95 -123.97 346.72 -303.15 551.33 -146.71


246.82 -94.43 359.26 -106 243.93 -122.54
359.26 -106 243.93 -122.54 356.37 -134.11

216.78 -9 469.79 -35.04 213.88 -37.11
469.79 -35.04 213.88 -37.11 466.89 -63.15

208.01 65.53 461.01 39.49 205.12 37.42
461.01 39.49 205.12 37.42 458.12 11.38

211.32 166.08 268.37 159.97 208.27 137.55
268.37 159.97 208.27 137.55 265.32 131.45
208.27 137.55 464.99 110.1 205.22 109.03
464.99 110.1 205.22 109.03 461.94 81.57



-325.36 27.87 -297.03 195.46 -297.43 23.15
-297.03 195.46 -297.43 23.15 -269.1 190.74
-269.1 190.74 -273.82 162.81 -492.55 228.5
-273.82 162.81 -492.55 228.5 -497.27 200.57
-492.55 228.5 -497.27 200.57 -522.93 212.57
-497.27 200.57 -522.93 212.57 -557.24 72.27
-522.93 212.57 -557.24 72.27 -582.9 84.26

-478.78 139.99 -483.5 112.06 -339.16 116.39
-483.5 112.06 -339.16 116.39 -343.85 88.46
-455.57 107.34 -399.71 97.9 -460.29 79.41
-399.71 97.9 -460.29 79.41 -404.43 69.97




-1419.96 -378.51 -1410.62 -322.75 -1392.08 -383.18
-1410.62 -322.75 -1392.08 -383.18 -1382.74 -327.42

-1344.28 -393.36 -1334.55 -335.49 -1316.5 -398.55
-1334.55 -335.49 -1316.5 -398.55 -1306.67 -340.16

-1268.48 -407.51 -1258.48 -348.23 -1240.69 -412.7
-1258.48 -348.23 -1240.69 -412.7 -1230.6 -352.9

-1192.67 -421.66 -1182.41 -360.98 -1164.88 -426.85
-1182.41 -360.98 -1164.88 -426.85 -1154.53 -365.65

-1122.02 -434.85 -1110.51 -373.2 -1066.45 -445.22
-1110.51 -373.2 -1066.45 -445.22 -1054.94 -383.57


-1405.95 -294.86 -1387.26 -183.33 -1378.07 -299.53
-1387.26 -183.33 -1378.07 -299.53 -1359.38 -188

-1329.88 -307.61 -1311.19 -196.07 -1302 -312.28
-1311.19 -196.07 -1302 -312.28 -1283.31 -200.74

-1253.81 -320.35 -1235.12 -208.82 -1225.92 -325.02
-1235.12 -208.82 -1225.92 -325.02 -1207.24 -213.49

-1177.74 -333.09 -1159.05 -221.56 -1149.85 -337.76
-1159.05 -221.56 -1149.85 -337.76 -1131.17 -226.23

-1105.32 -345.42 -1084.58 -234.29 -1077.54 -350.61
-1084.58 -234.29 -1077.54 -350.61 -1056.79 -239.48


-1382.59 -155.45 -1373.25 -99.68 -1354.71 -160.12
-1373.25 -99.68 -1354.71 -160.12 -1345.37 -104.35

-1306.52 -168.19 -1297.18 -112.42 -1278.64 -172.86
-1297.18 -112.42 -1278.64 -172.86 -1269.3 -117.09

-1230.45 -180.93 -1221.11 -125.17 -1202.57 -185.6
-1221.11 -125.17 -1202.57 -185.6 -1193.23 -129.84

-1154.38 -193.68 -1145.04 -137.91 -1126.5 -198.35
-1145.04 -137.91 -1126.5 -198.35 -1117.16 -142.58

-1079.39 -206.51 -1069.02 -150.94 -1051.61 -211.69
-1069.02 -150.94 -1051.61 -211.69 -1041.09 -155.33




