615.15 -44.8752
622.835 -54.1951
631.501 -65.1502
641.802 -78.0673
614.823 -98.3423
604.685 -84.2806
595.692 -73.3256
589.969 -64.1691
581.957 -53.7046
573.454 -42.9131
564.134 -31.1405
529.96 -42.4226
539.934 -55.5032
548.764 -68.0933
558.575 -80.3564
567.241 -91.3115
575.906 -103.248
582.12 -111.75
588.824 -119.108
598.634 -132.679
576.07 -163.092
566.75 -152.3
557.593 -140.527
551.053 -131.207
543.858 -122.378
536.173 -111.75
528.979 -102.594
520.476 -90.9845
515.08 -82.9726
504.615 -70.3824
538.776 -182.837
