-10 -10
10 -10
10 10

10 10
-10 10
-10 -10

10 10
30 10
30 -10

30 -10
10 -10
10 10

30 10
50 10
50 -10

50 -10
30 -10
30 10

50 10
70 10
70 -10

70 -10
50 -10
50 10

70 10
90 10
90 -10

90 -10
70 -10
70 10

90 10
110 10
110 -10

110 -10
90 -10
90 10

110 -10
126.097 -88.9362
110 10

110 10
127.94 30.8795
126.097 -88.9362

126.097 -88.9362
149.533 30.0895
127.94 30.8795

149.533 30.0895
160.856 -0.456879
126.097 -88.9362

126.097 -88.9362
165.596 -37.0599
160.856 -0.456879

165.596 -37.0599
186.39 -8.94668
160.856 -0.456879

160.856 -0.456879
191.13 16.8598
186.39 -8.94668

186.39 -8.94668
206.93 35.8196
191.13 16.8598

191.13 16.8598
196.923 60.8262
206.93 35.8196

90 10
78.5234 33.9065
91.4266 35.4865

91.4266 35.4865
86.4233 59.4496
95.6399 62.6096

95.6399 62.6096
77.47 78.9361
90.6366 86.8361

77.47 78.9361
38.7604 87.3562
56.9302 96.8361

56.9302 96.8361
79.05 104.626
67.4635 111.209

38.7604 87.3562
26.9105 103.046
7.42395 72.4997

206.93 35.8196
199.394 93.2357
196.923 60.8262

196.923 60.8262
172.456 96.7117
199.394 93.2357

199.394 93.2357
148.993 106.85
172.456 96.7117

172.456 96.7117
141.751 91.4977
148.993 106.85

196.923 60.8262
141.751 91.4977
172.456 96.7117

148.993 106.85
112.764 90.9256
141.751 91.4977

148.993 106.85
102.626 100.774
112.764 90.9256

112.764 90.9256
90.6366 86.8361
102.626 100.774

