551.38 -189.645
533.55 -166.62
562.89 -180.73
545.06 -157.705
533.55 -166.62
562.89 -180.73
562.89 -180.73
482.66 -77.135
574.4 -171.815
482.66 -77.135
574.4 -171.815
494.17 -68.22
588.335 -153.785
507.905 -47.005
519.77 -38.07
588.335 -153.785
519.77 -38.07
600.2 -144.845
588.335 -153.785
507.905 -47.005
519.77 -38.07
588.335 -153.785
519.77 -38.07
600.2 -144.845
543.05 -36.235
554.375 -27.655
611.71 -126.835
554.375 -27.655
611.71 -126.835
623.03 -118.25
594.095 -49.795
605.675 -40.88
629.75 -96.115
605.675 -40.88
629.75 -96.115
641.33 -87.2
479.38 -176.505
472.325 -232.545
493.39 -178.27
472.325 -232.545
493.39 -178.27
486.335 -234.31
430.31 -248
445.835 -120.605
444.465 -249.725
445.835 -120.605
444.465 -249.725
459.99 -122.33
388.685 -251.98
405.08 -126.98
402.57 -253.8
405.08 -126.98
418.965 -128.805
402.57 -253.8
335.935 -249.095
339.6 -220.36
350.3 -250.93
339.6 -220.36
350.3 -250.93
353.965 -222.195
350.3 -250.93
366.8 -121.625
364.665 -252.765
366.8 -121.625
364.665 -252.765
381.165 -123.455
259.895 -210.205
304.795 -175.77
268.5 -221.43
304.795 -175.77
268.5 -221.43
313.405 -187
217.86 -192.685
319 -115.815
226.4 -203.925
319 -115.815
226.4 -203.925
327.545 -127.05
191.065 -168.515
292.085 -91.495
199.625 -179.74
292.085 -91.495
199.625 -179.74
300.645 -102.72
155.975 -128.84
178.71 -111.46
164.67 -140.21
178.71 -111.46
164.67 -140.21
187.405 -122.825
164.67 -140.21
266.975 -61.985
173.36 -151.575
266.975 -61.985
173.36 -151.575
275.665 -73.355
123.41 -47.215
179.63 -53
121.965 -61.27
179.63 -53
121.965 -61.27
178.185 -67.055
108.39 -4.5
234.895 -17.52
106.94 -18.555
234.895 -17.52
106.94 -18.555
233.445 -31.575
104.005 32.765
230.505 19.745
102.56 18.71
230.505 19.745
102.56 18.71
229.06 5.69
105.66 83.04
134.185 79.985
104.135 68.775
134.185 79.985
104.135 68.775
132.66 65.725
104.135 68.775
232.495 55.05
102.61 54.515
232.495 55.05
102.61 54.515
230.97 40.785
-162.68 13.935
-148.515 97.73
-148.715 11.575
-148.515 97.73
-148.715 11.575
-134.55 95.37
-134.55 95.37
-136.91 81.405
-246.275 114.25
-136.91 81.405
-246.275 114.25
-248.635 100.285
-246.275 114.25
-248.635 100.285
-261.465 106.285
-248.635 100.285
-261.465 106.285
-278.62 36.135
-261.465 106.285
-278.62 36.135
-291.45 42.13
-239.39 69.995
-241.75 56.03
-169.58 58.195
-241.75 56.03
-169.58 58.195
-171.925 44.23
-227.785 53.67
-199.855 48.95
-230.145 39.705
-199.855 48.95
-230.145 39.705
-202.215 34.985
-709.98 -189.255
-705.31 -161.375
-696.04 -191.59
-705.31 -161.375
-696.04 -191.59
-691.37 -163.71
-672.14 -196.68
-667.275 -167.745
-658.25 -199.275
-667.275 -167.745
-658.25 -199.275
-653.335 -170.08
-634.24 -203.755
-629.24 -174.115
-620.345 -206.35
-629.24 -174.115
-620.345 -206.35
-615.3 -176.45
-596.335 -210.83
-591.205 -180.49
-582.44 -213.425
-591.205 -180.49
-582.44 -213.425
-577.265 -182.825
-561.01 -217.425
-555.255 -186.6
-533.225 -222.61
-555.255 -186.6
-533.225 -222.61
-527.47 -191.785
-702.975 -147.43
-693.63 -91.665
-689.035 -149.765
-693.63 -91.665
-689.035 -149.765
-679.69 -94
-664.94 -153.805
-655.595 -98.035
-651 -156.14
-655.595 -98.035
-651 -156.14
-641.655 -100.37
-626.905 -160.175
-617.56 -104.41
-612.96 -162.51
-617.56 -104.41
-612.96 -162.51
-603.62 -106.745
-588.87 -166.545
-579.525 -110.78
-574.925 -168.88
-579.525 -110.78
-574.925 -168.88
-565.585 -113.115
-552.66 -172.71
-542.29 -117.145
-538.77 -175.305
-542.29 -117.145
-538.77 -175.305
-528.395 -119.74
-691.295 -77.725
-686.625 -49.84
-677.355 -80.06
-686.625 -49.84
-677.355 -80.06
-672.685 -52.175
-653.26 -84.095
-648.59 -56.21
-639.32 -86.43
-648.59 -56.21
-639.32 -86.43
-634.65 -58.545
-615.225 -90.465
-610.555 -62.585
-601.285 -92.8
-610.555 -62.585
-601.285 -92.8
-596.615 -64.92
-577.19 -96.84
-572.52 -68.955
-563.25 -99.175
-572.52 -68.955
-563.25 -99.175
-558.58 -71.29
-539.695 -103.255
-534.51 -75.47
-525.805 -105.845
-534.51 -75.47
-525.805 -105.845
-520.545 -77.665
-520.545 -77.665
