-714.049 -183.286
-725.144 -181.143
-723.694 -170.994

-710.33 -160.781
-714.049 -183.286
-723.694 -170.994

-723.694 -170.994
-721.487 -156.621
-710.33 -160.781

-710.33 -160.781
-707.934 -146.598
-721.487 -156.621

-721.487 -156.621
-719.533 -143.193
-707.934 -146.598

-704.213 -156.495
-707.934 -146.598
-710.33 -160.781

-703.52 -152.46
-704.213 -156.495
-707.934 -146.598

-690.912 -158.701
-689.966 -154.541
-704.213 -156.495

-703.52 -152.46
-689.966 -154.541
-704.213 -156.495

-707.934 -146.598
-705.716 -133.296
-719.533 -143.193

-719.533 -143.193
-716.874 -126.047
-705.716 -133.296

-705.716 -133.296
-703.447 -119.239
-716.874 -126.047

-716.874 -126.047
-714.793 -111.611
-703.447 -119.239

-703.447 -119.239
-700.798 -103.857
-714.793 -111.611

-714.793 -111.611
-712.023 -93.2106
-700.798 -103.857

-700.798 -103.857
-698.674 -90.9985
-712.023 -93.2106

-712.023 -93.2106
-710.192 -80.7773
-698.674 -90.9985

-698.674 -90.9985
-696.386 -77.0397
-710.192 -80.7773

-710.192 -80.7773
-708.133 -66.5894
-696.386 -77.0397

-696.386 -77.0397
-694.098 -63.8435
-708.133 -66.5894

-708.133 -66.5894
-706.074 -52.3254
-694.098 -63.8435

-694.098 -63.8435
-692.649 -54.69
-706.074 -52.3254

-691.81 -82.5316
-696.386 -77.0397
-698.674 -90.9985

-692.649 -86.8794
-698.674 -90.9985
-691.81 -82.5316

-679.454 -89.0152
-678.31 -84.8962
-691.81 -82.5316

-692.649 -86.8794
-679.454 -89.0152
-691.81 -82.5316

-674.819 -95.1914
-678.31 -84.8962
-679.454 -89.0152

-672.302 -80.5918
-678.31 -84.8962
-674.819 -95.1914

-684.04 -150.466
-689.966 -154.541
-690.912 -158.701

-686.333 -164.507
-690.912 -158.701
-684.04 -150.466

-672.275 -167.105
-686.333 -164.507
-684.04 -150.466

-669.875 -152.615
-684.04 -150.466
-672.275 -167.105

-666.645 -162.859
-672.275 -167.105
-669.875 -152.615

-665.722 -158.706
-666.645 -162.859
-669.875 -152.615

-652.708 -165.075
-666.645 -162.859
-665.722 -158.706

-652.062 -161.106
-665.722 -158.706
-652.708 -165.075

-648.14 -171.074
-652.708 -165.075
-652.062 -161.106

-645.741 -156.676
-652.062 -161.106
-648.14 -171.074

-634.388 -173.197
-631.804 -159.168
-645.741 -156.676

-648.14 -171.074
-634.388 -173.197
-645.741 -156.676

-628.204 -169.136
-634.388 -173.197
-631.804 -159.168

-627.558 -165.167
-631.804 -159.168
-628.204 -169.136

-615.191 -171.258
-628.204 -169.136
-627.558 -165.167

-615.191 -171.258
-627.558 -165.167
-614.174 -167.29

-610.354 -177.671
-614.174 -167.29
-615.191 -171.258

-607.927 -162.901
-610.354 -177.671
-614.174 -167.29

-596.14 -179.89
-610.354 -177.671
-607.927 -162.901

-594.129 -165.952
-607.927 -162.901
-596.14 -179.89

-589.345 -171.5
-594.129 -165.952
-596.14 -179.89

-590.593 -175.521
-589.345 -171.5
-596.14 -179.89

-576.726 -177.879
-590.593 -175.521
-589.345 -171.5

-575.963 -173.649
-589.345 -171.5
-576.726 -177.879

-572.236 -183.817
-575.963 -173.649
-576.726 -177.879

-569.878 -169.463
-575.963 -173.649
-572.236 -183.817

-560.309 -185.62
-572.236 -183.817
-569.878 -169.463

-557.606 -171.89
-569.878 -169.463
-560.309 -185.62

-554.278 -181.806
-560.309 -185.62
-557.606 -171.89

-553.238 -177.646
-557.606 -171.89
-554.278 -181.806

-539.925 -180.212
-553.238 -177.646
-554.278 -181.806

-535.002 -185.274
-539.925 -180.212
-554.278 -181.806

-533.755 -175.982
-535.002 -185.274
-539.925 -180.212

-526.959 -186.799
-533.755 -175.982
-535.002 -185.274

-523.492 -177.646
-533.755 -175.982
-526.959 -186.799

-526.959 -186.799
-518.638 -184.58
-523.492 -177.646

-522.383 -192.624
-526.959 -186.799
-518.638 -184.58

