-714.049 -183.286
-725.144 -181.143
-723.694 -170.994

-710.33 -160.781
-714.049 -183.286
-723.694 -170.994

-723.694 -170.994
-721.487 -156.621
-710.33 -160.781

-710.33 -160.781
-707.934 -146.598
-721.487 -156.621

-721.487 -156.621
-719.533 -143.193
-707.934 -146.598

-704.213 -156.495
-707.934 -146.598
-710.33 -160.781

-703.52 -152.46
-704.213 -156.495
-707.934 -146.598

-690.912 -158.701
-689.966 -154.541
-704.213 -156.495

-703.52 -152.46
-689.966 -154.541
-704.213 -156.495

-707.934 -146.598
-705.716 -133.296
-719.533 -143.193

-719.533 -143.193
-716.874 -126.047
-705.716 -133.296

-705.716 -133.296
-703.447 -119.239
-716.874 -126.047

-716.874 -126.047
-714.793 -111.611
-703.447 -119.239

-703.447 -119.239
-700.798 -103.857
-714.793 -111.611

-714.793 -111.611
-712.023 -93.2106
-700.798 -103.857

-700.798 -103.857
-698.674 -90.9985
-712.023 -93.2106

-712.023 -93.2106
-710.192 -80.7773
-698.674 -90.9985

-698.674 -90.9985
-696.386 -77.0397
-710.192 -80.7773

-710.192 -80.7773
-708.133 -66.5894
-696.386 -77.0397

-696.386 -77.0397
-694.098 -63.8435
-708.133 -66.5894

-708.133 -66.5894
-706.074 -52.3254
-694.098 -63.8435

-694.098 -63.8435
-692.649 -54.69
-706.074 -52.3254

-691.81 -82.5316
-696.386 -77.0397
-698.674 -90.9985

-692.649 -86.8794
-698.674 -90.9985
-691.81 -82.5316

-679.454 -89.0152
-678.31 -84.8962
-691.81 -82.5316

-692.649 -86.8794
-679.454 -89.0152
-691.81 -82.5316

-674.819 -95.1914
-678.31 -84.8962
-679.454 -89.0152

-672.302 -80.5918
-678.31 -84.8962
-674.819 -95.1914

-684.04 -150.466
-689.966 -154.541
-690.912 -158.701

-686.333 -164.507
-690.912 -158.701
-684.04 -150.466

-672.275 -167.105
-686.333 -164.507
-684.04 -150.466

-669.875 -152.615
-684.04 -150.466
-672.275 -167.105

-666.645 -162.859
-672.275 -167.105
-669.875 -152.615

-665.722 -158.706
-666.645 -162.859
-669.875 -152.615

-652.708 -165.075
-666.645 -162.859
-665.722 -158.706

-652.062 -161.106
-665.722 -158.706
-652.708 -165.075

-648.14 -171.074
-652.708 -165.075
-652.062 -161.106

-645.741 -156.676
-652.062 -161.106
-648.14 -171.074

-634.388 -173.197
-631.804 -159.168
-645.741 -156.676

-648.14 -171.074
-634.388 -173.197
-645.741 -156.676

-628.204 -169.136
-634.388 -173.197
-631.804 -159.168

-627.558 -165.167
-631.804 -159.168
-628.204 -169.136

-615.191 -171.258
-628.204 -169.136
-627.558 -165.167

-615.191 -171.258
-627.558 -165.167
-614.174 -167.29

-610.354 -177.671
-614.174 -167.29
-615.191 -171.258

-607.927 -162.901
-610.354 -177.671
-614.174 -167.29

-596.14 -179.89
-610.354 -177.671
-607.927 -162.901

-594.129 -165.952
-607.927 -162.901
-596.14 -179.89

-589.345 -171.5
-594.129 -165.952
-596.14 -179.89

-590.593 -175.521
-589.345 -171.5
-596.14 -179.89

-576.726 -177.879
-590.593 -175.521
-589.345 -171.5

-575.963 -173.649
-589.345 -171.5
-576.726 -177.879

-572.236 -183.817
-575.963 -173.649
-576.726 -177.879

-569.878 -169.463
-575.963 -173.649
-572.236 -183.817

-560.309 -185.62
-572.236 -183.817
-569.878 -169.463

-557.606 -171.89
-569.878 -169.463
-560.309 -185.62

-554.278 -181.806
-560.309 -185.62
-557.606 -171.89

-553.238 -177.646
-557.606 -171.89
-554.278 -181.806

-539.925 -180.212
-553.238 -177.646
-554.278 -181.806

-535.002 -185.274
-539.925 -180.212
-554.278 -181.806

-533.755 -175.982
-535.002 -185.274
-539.925 -180.212

-526.959 -186.799
-533.755 -175.982
-535.002 -185.274

-523.492 -177.646
-533.755 -175.982
-526.959 -186.799

-526.959 -186.799
-518.638 -184.58
-523.492 -177.646

-522.383 -192.624
-526.959 -186.799
-518.638 -184.58

-524.452 -203.047
-522.383 -192.624
-513.925 -199.538

-527.274 -218.15
-524.452 -203.047
-514.612 -211.59

-509.349 -221.507
-514.612 -211.59
-527.274 -218.15

-506.985 -206.709
-514.612 -211.59
-509.349 -221.507

-513.925 -199.538
-514.612 -211.59
-524.452 -203.047

-513.925 -199.538
-506.985 -206.709
-514.612 -211.59

-513.925 -199.538
-518.638 -184.58
-522.383 -192.624

-504.544 -191.606
-513.925 -199.538
-506.985 -206.709

-513.925 -199.538
-512.074 -190.839
-518.638 -184.58

-512.074 -190.839
-504.544 -191.606
-513.925 -199.538

-502.469 -179.224
-504.544 -191.606
-511.515 -184.138

-502.469 -179.224
-500.012 -165.153
-510.175 -169.62

-511.515 -184.138
-512.074 -190.839
-504.544 -191.606

-511.515 -184.138
-518.638 -184.58
-512.074 -190.839

-523.492 -177.646
-511.515 -184.138
-518.638 -184.58

-511.515 -184.138
-510.175 -169.62
-502.469 -179.224

-523.492 -177.646
-510.175 -169.62
-511.515 -184.138

-531.261 -162.617
-533.755 -175.982
-523.492 -177.646

-528.172 -146.101
-531.261 -162.617
-518.906 -156.376

-525.792 -133.002
-515.639 -141.645
-528.172 -146.101

-523.61 -120.92
-511.192 -128.471
-525.792 -133.002

-528.141 -114.795
-514.465 -116.641
-523.61 -120.92

-526.967 -110.768
-528.141 -114.795
-514.465 -116.641

-520.842 -106.488
-514.465 -116.641
-526.967 -110.768

-511.192 -128.471
-514.465 -116.641
-523.61 -120.92

-511.192 -128.471
-515.639 -141.645
-525.792 -133.002

-515.639 -141.645
-518.906 -156.376
-528.172 -146.101

-523.492 -177.646
-518.906 -156.376
-531.261 -162.617

-518.906 -156.376
-510.175 -169.62
-523.492 -177.646

-498.355 -154.901
-508.256 -160.271
-500.012 -165.153

-496.677 -144.077
-498.355 -154.901
-507.165 -148.357

-494.831 -132.75
-496.677 -144.077
-504.9 -137.197

-498.02 -122.346
-494.831 -132.75
-491.979 -115.886

-503.138 -129.395
-504.9 -137.197
-494.831 -132.75

-503.138 -129.395
-498.02 -122.346
-494.831 -132.75

-503.138 -129.395
-511.192 -128.471
-504.9 -137.197

-506.746 -121.507
-511.192 -128.471
-503.138 -129.395

-506.746 -121.507
-498.02 -122.346
-503.138 -129.395

-507.165 -148.357
-504.9 -137.197
-496.677 -144.077

-507.165 -148.357
-508.256 -160.271
-498.355 -154.901

-500.012 -165.153
-508.256 -160.271
-510.175 -169.62

-510.175 -169.62
-518.906 -156.376
-508.256 -160.271

-508.256 -160.271
-507.165 -148.357
-518.906 -156.376

-518.906 -156.376
-515.639 -141.645
-507.165 -148.357

-507.165 -148.357
-515.639 -141.645
-504.9 -137.197

-504.9 -137.197
-515.639 -141.645
-511.192 -128.471

-514.465 -116.641
-506.746 -121.507
-511.192 -128.471

-518.946 -95.9186
-516.638 -85.12
-504.548 -86.9659

-487.657 -90.104
-489.872 -103.948
-500.302 -95.8263

-504.548 -86.9659
-487.657 -90.104
-500.302 -95.8263

-500.302 -95.8263
-518.946 -95.9186
-504.548 -86.9659

-518.946 -95.9186
-520.842 -106.488
-511.931 -102.195

-511.931 -102.195
-514.465 -116.641
-520.842 -106.488

-511.931 -102.195
-500.302 -95.8263
-518.946 -95.9186

-511.931 -102.195
-500.579 -107.363
-500.302 -95.8263

-489.872 -103.948
-500.579 -107.363
-500.302 -95.8263

-500.579 -107.363
-514.465 -116.641
-511.931 -102.195

-500.579 -107.363
-498.02 -122.346
-506.746 -121.507

-506.746 -121.507
-514.465 -116.641
-500.579 -107.363

-500.579 -107.363
-491.979 -115.886
-498.02 -122.346

-500.579 -107.363
-489.872 -103.948
-491.979 -115.886

-540.253 -108.149
-528.141 -114.795
-526.967 -110.768

-541.224 -112.379
-540.253 -108.149
-528.141 -114.795

-544.482 -101.978
-540.253 -108.149
-541.224 -112.379

-547.394 -116.609
-541.224 -112.379
-544.482 -101.978

-558.212 -99.6894
-547.394 -116.609
-544.482 -101.978

-560.5 -113.766
-547.394 -116.609
-558.212 -99.6894

-564.174 -104.127
-558.212 -99.6894
-560.5 -113.766

-565.145 -108.219
-564.174 -104.127
-560.5 -113.766

-578.25 -105.93
-565.145 -108.219
-564.174 -104.127

-577.487 -101.77
-564.174 -104.127
-578.25 -105.93

-584.674 -110.241
-577.487 -101.77
-578.25 -105.93

-582.237 -96.0276
-577.487 -101.77
-584.674 -110.241

-598.481 -107.297
-584.674 -110.241
-582.237 -96.0276

-596.349 -93.591
-582.237 -96.0276
-598.481 -107.297

-603.252 -101.916
-598.481 -107.297
-596.349 -93.591

-602.135 -97.8551
-596.349 -93.591
-603.252 -101.916

-616.725 -99.4874
-603.252 -101.916
-602.135 -97.8551

-615.718 -95.46
-616.725 -99.4874
-602.135 -97.8551

-622.454 -103.377
-616.725 -99.4874
-615.718 -95.46

-620.228 -89.6896
-615.718 -95.46
-622.454 -103.377

-636.627 -100.79
-620.228 -89.6896
-622.454 -103.377

-634.393 -87.6931
-620.228 -89.6896
-636.627 -100.79

-641.297 -95.3075
-634.393 -87.6931
-636.627 -100.79

-640.079 -91.2465
-634.393 -87.6931
-641.297 -95.3075

-654.901 -93.1755
-640.079 -91.2465
-641.297 -95.3075

-653.784 -89.1145
-640.079 -91.2465
-654.901 -93.1755

-660.586 -97.3381
-653.784 -89.1145
-654.901 -93.1755

-658.048 -82.8199
-653.784 -89.1145
-660.586 -97.3381

-660.586 -97.3381
-674.819 -95.1914
-672.302 -80.5918

-672.302 -80.5918
-658.048 -82.8199
-660.586 -97.3381

-690.239 -187.583
-676.21 -190.444
-680.917 -179.461

-690.239 -187.583
-686.333 -164.507
-680.917 -179.461

-680.917 -179.461
-672.275 -167.105
-676.21 -190.444

-680.917 -179.461
-686.333 -164.507
-672.275 -167.105

-652.428 -194.584
-638.645 -197.557
-642.698 -185.801

-652.428 -194.584
-648.14 -171.074
-642.698 -185.801

-642.698 -185.801
-638.645 -197.557
-634.388 -173.197

-634.388 -173.197
-642.698 -185.801
-648.14 -171.074

-614.591 -201.746
-600.402 -204.449
-605.132 -192.692

-614.591 -201.746
-610.354 -177.671
-605.132 -192.692

-605.132 -192.692
-596.14 -179.89
-610.354 -177.671

-596.14 -179.89
-600.402 -204.449
-605.132 -192.692

-576.619 -208.638
-565.133 -211.07
-568.241 -197.963

-576.619 -208.638
-572.236 -183.817
-568.241 -197.963

-560.309 -185.62
-572.236 -183.817
-568.241 -197.963

-568.241 -197.963
-565.133 -211.07
-560.309 -185.62

-681.638 -134.616
-684.04 -150.466
-668.003 -142.355

-665.791 -129.088
-678.69 -118.031
-681.638 -134.616

-663.58 -114.96
-678.69 -118.031
-676.479 -104.764

-660.586 -97.3381
-676.479 -104.764
-663.58 -114.96

-676.479 -104.764
-674.819 -95.1914
-660.586 -97.3381

-663.58 -114.96
-665.791 -129.088
-678.69 -118.031

-665.791 -129.088
-668.003 -142.355
-681.638 -134.616

-668.003 -142.355
-669.875 -152.615
-684.04 -150.466

-644.146 -146.185
-628.622 -140.713
-641.354 -130.327

-641.354 -130.327
-639.12 -116.702
-626.277 -126.753

-624.155 -113.798
-639.12 -116.702
-636.627 -100.79

-622.454 -103.377
-624.155 -113.798
-636.627 -100.79

-624.155 -113.798
-626.277 -126.753
-639.12 -116.702

-626.277 -126.753
-628.622 -140.713
-641.354 -130.327

-628.622 -140.713
-631.804 -159.168
-644.146 -146.185

-644.146 -146.185
-645.741 -156.676
-631.804 -159.168

-606.115 -151.911
-590.507 -146.262
-603.142 -134.817

-587.683 -128.276
-600.912 -119.06
-603.142 -134.817

-600.912 -119.06
-584.674 -110.241
-598.481 -107.297

-587.683 -128.276
-584.674 -110.241
-600.912 -119.06

-587.683 -128.276
-590.507 -146.262
-603.142 -134.817

-590.507 -146.262
-594.129 -165.952
-606.115 -151.911

-606.115 -151.911
-607.927 -162.901
-594.129 -165.952

-567.766 -157.113
-553.496 -150.722
-564.644 -138.681

-550.226 -132.438
-564.644 -138.681
-562.117 -123.52

-550.226 -132.438
-547.394 -116.609
-562.117 -123.52

-562.117 -123.52
-560.5 -113.766
-547.394 -116.609

-550.226 -132.438
-553.496 -150.722
-564.644 -138.681

-553.496 -150.722
-557.606 -171.89
-567.766 -157.113

-569.878 -169.463
-567.766 -157.113
-557.606 -171.89

-668.549 -58.6293
-654.64 -61.1674
-662.661 -70.7108

-672.302 -80.5918
-668.549 -58.6293
-662.661 -70.7108

-662.661 -70.7108
-658.048 -82.8199
-672.302 -80.5918

-658.048 -82.8199
-654.64 -61.1674
-662.661 -70.7108

-630.692 -65.2852
-616.57 -67.6849
-624.692 -76.453

-630.692 -65.2852
-634.393 -87.6931
-624.692 -76.453

-624.692 -76.453
-620.228 -89.6896
-634.393 -87.6931

-624.692 -76.453
-616.57 -67.6849
-620.228 -89.6896

-592.477 -71.8382
-586.108 -83.5598
-578.54 -74.2379

-586.108 -83.5598
-582.237 -96.0276
-578.54 -74.2379

-586.108 -83.5598
-596.349 -93.591
-582.237 -96.0276

-596.349 -93.591
-592.477 -71.8382
-586.108 -83.5598

-554.492 -78.4594
-540.832 -80.6745
-548.585 -89.1657

-554.492 -78.4594
-558.212 -99.6894
-548.585 -89.1657

-548.585 -89.1657
-544.482 -101.978
-558.212 -99.6894

-544.482 -101.978
-540.832 -80.6745
-548.585 -89.1657

-487.408 -156.85
-472.221 -160.29
-484.891 -142.25

-402.737 -174.846
-396.386 -161.603
-420.574 -171.333

-456.789 -163.36
-472.221 -160.29
-458.411 -147.415

-456.789 -163.36
-438.817 -167.144
-443.817 -150.387

-438.817 -167.144
-420.574 -171.333
-427.466 -155.658

-484.891 -142.25
-482.6 -128.496
-470.438 -137.415

-480.167 -114.848
-477.329 -96.7405
-463.141 -107.821

-474.897 -81.4711
-454.222 -74.174
-470.573 -56.8773

-466.595 -32.5712
-445.529 -19.1413
-462.645 -6.76472

-423.508 -81.7739
-420.74 -64.5146
-435.692 -70.0523

-418.801 -87.6808
-398.496 -90.9111
-411.049 -110.847

-440.952 -98.664
-435.692 -70.0523
-423.508 -81.7739

-423.508 -81.7739
-440.952 -98.664
-418.801 -87.6808

-411.049 -110.847
-440.952 -98.664
-418.801 -87.6808

-376.579 -94.8469
-398.496 -90.9111
-392.437 -112.635

-370.538 -91.9102
-364.413 -78.5692
-360.805 -88.0506

-368.524 -104.244
-370.538 -91.9102
-360.805 -88.0506

-376.579 -94.8469
-370.538 -91.9102
-368.524 -104.244

-378.173 -109.53
-376.999 -121.864
-368.524 -104.244

-368.524 -104.244
-378.173 -109.53
-376.579 -94.8469

-376.579 -94.8469
-392.437 -112.635
-378.173 -109.53

-378.173 -109.53
-376.999 -121.864
-392.437 -112.635

-411.049 -110.847
-392.437 -112.635
-398.496 -90.9111

-396.386 -161.603
-413.007 -157.447
-420.574 -171.333

-420.574 -171.333
-427.466 -155.658
-413.007 -157.447

-427.466 -155.658
-443.817 -150.387
-438.817 -167.144

-456.789 -163.36
-458.411 -147.415
-443.817 -150.387

-471.281 -145.576
-472.221 -160.29
-484.891 -142.25

-484.891 -142.25
-471.281 -145.576
-470.438 -137.415

-471.281 -145.576
-458.411 -147.415
-472.221 -160.29

-482.6 -128.496
-467.504 -122.734
-480.167 -114.848

-467.504 -122.734
-470.438 -137.415
-482.6 -128.496

-470.438 -137.415
-458.411 -147.415
-471.281 -145.576

-470.438 -137.415
-456.173 -135.144
-458.411 -147.415

-467.504 -122.734
-463.141 -107.821
-480.167 -114.848

-477.329 -96.7405
-460.49 -92.338
-474.897 -81.4711

-470.573 -56.8773
-451.317 -47.5533
-466.595 -32.5712

-418.299 -47.6439
-433.02 -54.3446
-420.74 -64.5146

-416.167 -33.8364
-432.209 -39.3188
-418.299 -47.6439

-413.934 -18.303
-431.701 -22.9732
-416.167 -33.8364

-411.091 -0.129925
-427.945 -7.64282
-413.934 -18.303

-408.553 18.7538
-426.93 11.444
-411.091 -0.129925

-405.141 40.8485
-427.339 33.0139
-408.553 18.7538

-401.224 64.7878
-427.557 55.2121
-405.141 40.8485

-398.395 85.4626
-426.686 79.369
-401.224 64.7878

-394.695 110.925
-410.364 100.914
-398.395 85.4626

-392.083 128.771
-408.841 122.024
-394.695 110.925

-389.907 143.569
-407.753 137.476
-392.083 128.771

-386.635 165.773
-389.907 143.569
-407.63 155.611

-407.63 177.388
-407.63 155.611
-386.635 165.773

-425.858 187.327
-424.015 168.04
-407.63 177.388

-455.955 204.157
-438.879 194.698
-455.341 186.59

-446.127 169.883
-466.888 175.78
-455.341 186.59

-488.14 181.553
-466.888 175.78
-474.504 190.275

-493.668 181.308
-509.146 169.023
-508.409 187.696

-528.556 154.65
-509.146 169.023
-530.153 173.691

-531.012 150.474
-532.978 134.75
-547.474 143.226

-535.189 120.131
-532.978 134.75
-548.825 128.485

-535.189 120.131
-527.081 102.81
-549.071 100.353

-520.448 89.6655
-527.081 102.81
-541.086 89.7883

-516.885 86.84
-500.301 80.0835
-514.92 65.9562

-481.874 72.9585
-500.301 80.0835
-495.51 61.0424

-477.244 72.657
-461.497 79.916
-462.726 59.1439

-442.401 88.0685
-442.177 65.1745
-461.497 79.916

-439.071 91.3742
-432.314 110.292
-421.504 95.7967

-425.435 130.071
-432.314 110.292
-413.151 113.486

-426.049 134.616
-432.56 148.129
-416.959 146.287

-441.651 166.679
-432.56 148.129
-431.577 161.397

-437.965 179.333
-441.651 166.679
-446.127 169.883

-446.127 169.883
-455.341 186.59
-437.965 179.333

-437.965 179.333
-438.879 194.698
-455.341 186.59

-437.965 179.333
-425.858 187.327
-438.879 194.698

-437.965 179.333
-424.015 168.04
-425.858 187.327

-441.651 166.679
-437.965 179.333
-424.015 168.04

-424.015 168.04
-431.577 161.397
-441.651 166.679

-424.015 168.04
-407.63 155.611
-408.237 174.664

-408.237 174.664
-407.63 177.388
-407.63 155.611

-424.015 168.04
-408.237 174.664
-407.63 177.388

-424.015 168.04
-421.381 155.132
-431.577 161.397

-431.577 161.397
-432.56 148.129
-421.381 155.132

-421.381 155.132
-416.959 146.287
-432.56 148.129

-421.381 155.132
-407.63 155.611
-424.015 168.04

-407.63 155.611
-407.753 137.476
-389.907 143.569

-407.753 137.476
-416.959 146.287
-407.63 155.611

-407.63 155.611
-421.381 155.132
-416.959 146.287

-426.049 134.616
-407.753 137.476
-425.435 130.071

-426.049 134.616
-416.959 146.287
-407.753 137.476

-425.435 130.071
-413.151 113.486
-408.841 122.024

-408.841 122.024
-407.753 137.476
-392.083 128.771

-408.841 122.024
-425.435 130.071
-407.753 137.476

-413.151 113.486
-394.695 110.925
-408.841 122.024

-413.151 113.486
-410.364 100.914
-394.695 110.925

-413.151 113.486
-421.504 95.7967
-432.314 110.292

-421.504 95.7967
-410.364 100.914
-413.151 113.486

-410.364 100.914
-413.642 89.7772
-398.395 85.4626

-413.642 89.7772
-426.686 79.369
-398.395 85.4626

-413.642 89.7772
-421.504 95.7967
-410.364 100.914

-421.504 95.7967
-426.686 79.369
-413.642 89.7772

-421.504 95.7967
-439.071 91.3742
-426.686 79.369

-426.686 79.369
-442.401 88.0685
-439.071 91.3742

-426.686 79.369
-442.177 65.1745
-442.401 88.0685

-426.686 79.369
-427.557 55.2121
-401.224 64.7878

-462.726 59.1439
-442.177 65.1745
-461.497 79.916

-442.177 65.1745
-427.557 55.2121
-426.686 79.369

-477.244 72.657
-481.874 72.9585
-480.126 58.7349

-480.126 58.7349
-462.726 59.1439
-477.244 72.657

-481.874 72.9585
-495.51 61.0424
-480.126 58.7349

-495.51 61.0424
-514.92 65.9562
-500.301 80.0835

-516.885 86.84
-520.448 89.6655
-529.152 80.1771
