-714.049 -183.286
-725.144 -181.143
-723.694 -170.994

-710.33 -160.781
-714.049 -183.286
-723.694 -170.994

-723.694 -170.994
-721.487 -156.621
-710.33 -160.781

-710.33 -160.781
-707.934 -146.598
-721.487 -156.621

-721.487 -156.621
-719.533 -143.193
-707.934 -146.598

-704.213 -156.495
-707.934 -146.598
-710.33 -160.781

-703.52 -152.46
-704.213 -156.495
-707.934 -146.598

-690.912 -158.701
-689.966 -154.541
-704.213 -156.495

-703.52 -152.46
-689.966 -154.541
-704.213 -156.495

-707.934 -146.598
-705.716 -133.296
-719.533 -143.193

-719.533 -143.193
-716.874 -126.047
-705.716 -133.296

-705.716 -133.296
-703.447 -119.239
-716.874 -126.047

-716.874 -126.047
-714.793 -111.611
-703.447 -119.239

-703.447 -119.239
-700.798 -103.857
-714.793 -111.611

-714.793 -111.611
-712.023 -93.2106
-700.798 -103.857

-700.798 -103.857
-698.674 -90.9985
-712.023 -93.2106

-712.023 -93.2106
-710.192 -80.7773
-698.674 -90.9985

-698.674 -90.9985
-696.386 -77.0397
-710.192 -80.7773

-710.192 -80.7773
-708.133 -66.5894
-696.386 -77.0397

-696.386 -77.0397
-694.098 -63.8435
-708.133 -66.5894

-708.133 -66.5894
-706.074 -52.3254
-694.098 -63.8435

-694.098 -63.8435
-692.649 -54.69
-706.074 -52.3254

-691.81 -82.5316
-696.386 -77.0397
-698.674 -90.9985

-692.649 -86.8794
-698.674 -90.9985
-691.81 -82.5316

-679.454 -89.0152
-678.31 -84.8962
-691.81 -82.5316

-692.649 -86.8794
-679.454 -89.0152
-691.81 -82.5316

-674.819 -95.1914
-678.31 -84.8962
-679.454 -89.0152

-672.302 -80.5918
-678.31 -84.8962
-674.819 -95.1914

-684.04 -150.466
-689.966 -154.541
-690.912 -158.701

-686.333 -164.507
-690.912 -158.701
-684.04 -150.466

-672.275 -167.105
-686.333 -164.507
-684.04 -150.466

-669.875 -152.615
-684.04 -150.466
-672.275 -167.105

-666.645 -162.859
-672.275 -167.105
-669.875 -152.615

-665.722 -158.706
-666.645 -162.859
-669.875 -152.615

-652.708 -165.075
-666.645 -162.859
-665.722 -158.706

-652.062 -161.106
-665.722 -158.706
-652.708 -165.075

-648.14 -171.074
-652.708 -165.075
-652.062 -161.106

-645.741 -156.676
-652.062 -161.106
-648.14 -171.074

-634.388 -173.197
-631.804 -159.168
-645.741 -156.676

-648.14 -171.074
-634.388 -173.197
-645.741 -156.676

-628.204 -169.136
-634.388 -173.197
-631.804 -159.168

-627.558 -165.167
-631.804 -159.168
-628.204 -169.136

-615.191 -171.258
-628.204 -169.136
-627.558 -165.167

-615.191 -171.258
-627.558 -165.167
-614.174 -167.29

-610.354 -177.671
-614.174 -167.29
-615.191 -171.258

-607.927 -162.901
-610.354 -177.671
-614.174 -167.29

-596.14 -179.89
-610.354 -177.671
-607.927 -162.901

-594.129 -165.952
-607.927 -162.901
-596.14 -179.89

-589.345 -171.5
-594.129 -165.952
-596.14 -179.89

-590.593 -175.521
-589.345 -171.5
-596.14 -179.89

-576.726 -177.879
-590.593 -175.521
-589.345 -171.5

-575.963 -173.649
-589.345 -171.5
-576.726 -177.879

-572.236 -183.817
-575.963 -173.649
-576.726 -177.879

-569.878 -169.463
-575.963 -173.649
-572.236 -183.817

-560.309 -185.62
-572.236 -183.817
-569.878 -169.463

-557.606 -171.89
-569.878 -169.463
-560.309 -185.62

-554.278 -181.806
-560.309 -185.62
-557.606 -171.89

-553.238 -177.646
-557.606 -171.89
-554.278 -181.806

-539.925 -180.212
-553.238 -177.646
-554.278 -181.806

-535.002 -185.274
-539.925 -180.212
-554.278 -181.806

-533.755 -175.982
-535.002 -185.274
-539.925 -180.212

-526.959 -186.799
-533.755 -175.982
-535.002 -185.274

-523.492 -177.646
-533.755 -175.982
-526.959 -186.799

-526.959 -186.799
-518.638 -184.58
-523.492 -177.646

-522.383 -192.624
-526.959 -186.799
-518.638 -184.58

-524.452 -203.047
-522.383 -192.624
-513.925 -199.538

-527.274 -218.15
-524.452 -203.047
-514.612 -211.59

-509.349 -221.507
-514.612 -211.59
-527.274 -218.15

-506.985 -206.709
-514.612 -211.59
-509.349 -221.507

-513.925 -199.538
-514.612 -211.59
-524.452 -203.047

-513.925 -199.538
-506.985 -206.709
-514.612 -211.59

-513.925 -199.538
-518.638 -184.58
-522.383 -192.624

-504.544 -191.606
-513.925 -199.538
-506.985 -206.709

-513.925 -199.538
-512.074 -190.839
-518.638 -184.58

-512.074 -190.839
-504.544 -191.606
-513.925 -199.538

-502.469 -179.224
-504.544 -191.606
-511.515 -184.138

-502.469 -179.224
-500.012 -165.153
-510.175 -169.62

-511.515 -184.138
-512.074 -190.839
-504.544 -191.606

-511.515 -184.138
-518.638 -184.58
-512.074 -190.839

-523.492 -177.646
-511.515 -184.138
-518.638 -184.58

-511.515 -184.138
-510.175 -169.62
-502.469 -179.224

-523.492 -177.646
-510.175 -169.62
-511.515 -184.138

-531.261 -162.617
-533.755 -175.982
-523.492 -177.646

-528.172 -146.101
-531.261 -162.617
-518.906 -156.376

-525.792 -133.002
-515.639 -141.645
-528.172 -146.101

-523.61 -120.92
-511.192 -128.471
-525.792 -133.002

-528.141 -114.795
-514.465 -116.641
-523.61 -120.92

-526.967 -110.768
-528.141 -114.795
-514.465 -116.641

-520.842 -106.488
-514.465 -116.641
-526.967 -110.768

-511.192 -128.471
-514.465 -116.641
-523.61 -120.92

-511.192 -128.471
-515.639 -141.645
-525.792 -133.002

-515.639 -141.645
-518.906 -156.376
-528.172 -146.101

-523.492 -177.646
-518.906 -156.376
-531.261 -162.617

-518.906 -156.376
-510.175 -169.62
-523.492 -177.646

-498.355 -154.901
-508.256 -160.271
-500.012 -165.153

-496.677 -144.077
-498.355 -154.901
-507.165 -148.357

-494.831 -132.75
-496.677 -144.077
-504.9 -137.197

-498.02 -122.346
-494.831 -132.75
-491.979 -115.886

-503.138 -129.395
-504.9 -137.197
-494.831 -132.75

-503.138 -129.395
-498.02 -122.346
-494.831 -132.75

-503.138 -129.395
-511.192 -128.471
-504.9 -137.197

-506.746 -121.507
-511.192 -128.471
-503.138 -129.395

-506.746 -121.507
-498.02 -122.346
-503.138 -129.395

-507.165 -148.357
-504.9 -137.197
-496.677 -144.077

-507.165 -148.357
-508.256 -160.271
-498.355 -154.901

-500.012 -165.153
-508.256 -160.271
-510.175 -169.62

-510.175 -169.62
-518.906 -156.376
-508.256 -160.271

-508.256 -160.271
-507.165 -148.357
-518.906 -156.376

-518.906 -156.376
-515.639 -141.645
-507.165 -148.357

-507.165 -148.357
-515.639 -141.645
-504.9 -137.197

-504.9 -137.197
-515.639 -141.645
-511.192 -128.471

-514.465 -116.641
-506.746 -121.507
-511.192 -128.471

-518.946 -95.9186
-516.638 -85.12
-504.548 -86.9659

-487.657 -90.104
-489.872 -103.948
-500.302 -95.8263

-504.548 -86.9659
-487.657 -90.104
-500.302 -95.8263

-500.302 -95.8263
-518.946 -95.9186
-504.548 -86.9659

-518.946 -95.9186
-520.842 -106.488
-511.931 -102.195

-511.931 -102.195
-514.465 -116.641
-520.842 -106.488

-511.931 -102.195
-500.302 -95.8263
-518.946 -95.9186

-511.931 -102.195
-500.579 -107.363
-500.302 -95.8263

-489.872 -103.948
-500.579 -107.363
-500.302 -95.8263

-500.579 -107.363
-514.465 -116.641
-511.931 -102.195

-500.579 -107.363
-498.02 -122.346
-506.746 -121.507

-506.746 -121.507
-514.465 -116.641
-500.579 -107.363

-500.579 -107.363
-491.979 -115.886
-498.02 -122.346

-500.579 -107.363
-489.872 -103.948
-491.979 -115.886

-540.253 -108.149
-528.141 -114.795
-526.967 -110.768

-541.224 -112.379
-540.253 -108.149
-528.141 -114.795

-544.482 -101.978
-540.253 -108.149
-541.224 -112.379

-547.394 -116.609
-541.224 -112.379
-544.482 -101.978

-558.212 -99.6894
-547.394 -116.609
-544.482 -101.978

-560.5 -113.766
-547.394 -116.609
-558.212 -99.6894

-564.174 -104.127
-558.212 -99.6894
-560.5 -113.766

-565.145 -108.219
-564.174 -104.127
-560.5 -113.766

-578.25 -105.93
-565.145 -108.219
-564.174 -104.127

-577.487 -101.77
-564.174 -104.127
-578.25 -105.93

-584.674 -110.241
-577.487 -101.77
-578.25 -105.93

-582.237 -96.0276
-577.487 -101.77
-584.674 -110.241

-598.481 -107.297
-584.674 -110.241
-582.237 -96.0276

-596.349 -93.591
-582.237 -96.0276
-598.481 -107.297

-603.252 -101.916
-598.481 -107.297
-596.349 -93.591

-602.135 -97.8551
-596.349 -93.591
-603.252 -101.916

-616.725 -99.4874
-603.252 -101.916
-602.135 -97.8551

-615.718 -95.46
-616.725 -99.4874
-602.135 -97.8551

-622.454 -103.377
-616.725 -99.4874
-615.718 -95.46

-620.228 -89.6896
-615.718 -95.46
-622.454 -103.377

-636.627 -100.79
-620.228 -89.6896
-622.454 -103.377

-634.393 -87.6931
-620.228 -89.6896
-636.627 -100.79

-641.297 -95.3075
-634.393 -87.6931
-636.627 -100.79

-640.079 -91.2465
-634.393 -87.6931
-641.297 -95.3075

-654.901 -93.1755
-640.079 -91.2465
-641.297 -95.3075

-653.784 -89.1145
-640.079 -91.2465
-654.901 -93.1755

-660.586 -97.3381
-653.784 -89.1145
-654.901 -93.1755

-658.048 -82.8199
-653.784 -89.1145
-660.586 -97.3381

-660.586 -97.3381
-674.819 -95.1914
-672.302 -80.5918

-672.302 -80.5918
-658.048 -82.8199
-660.586 -97.3381

-690.239 -187.583
-676.21 -190.444
-680.917 -179.461

-690.239 -187.583
-686.333 -164.507
-680.917 -179.461

-680.917 -179.461
-672.275 -167.105
-676.21 -190.444

-680.917 -179.461
-686.333 -164.507
-672.275 -167.105

-652.428 -194.584
-638.645 -197.557
-642.698 -185.801

-652.428 -194.584
-648.14 -171.074
-642.698 -185.801

-642.698 -185.801
-638.645 -197.557
-634.388 -173.197

-634.388 -173.197
-642.698 -185.801
-648.14 -171.074

-614.591 -201.746
-600.402 -204.449
-605.132 -192.692

-614.591 -201.746
-610.354 -177.671
-605.132 -192.692

-605.132 -192.692
-596.14 -179.89
-610.354 -177.671

-596.14 -179.89
-600.402 -204.449
-605.132 -192.692

-576.619 -208.638
-565.133 -211.07
-568.241 -197.963

-576.619 -208.638
-572.236 -183.817
-568.241 -197.963

-560.309 -185.62
-572.236 -183.817
-568.241 -197.963

-568.241 -197.963
-565.133 -211.07
-560.309 -185.62

-681.638 -134.616
-684.04 -150.466
-668.003 -142.355

-665.791 -129.088
-678.69 -118.031
-681.638 -134.616

-663.58 -114.96
-678.69 -118.031
-676.479 -104.764

-660.586 -97.3381
-676.479 -104.764
-663.58 -114.96

-676.479 -104.764
-674.819 -95.1914
-660.586 -97.3381

-663.58 -114.96
-665.791 -129.088
-678.69 -118.031

-665.791 -129.088
-668.003 -142.355
-681.638 -134.616

-668.003 -142.355
-669.875 -152.615
-684.04 -150.466

-644.146 -146.185
-628.622 -140.713
-641.354 -130.327

-641.354 -130.327
-639.12 -116.702
-626.277 -126.753

-624.155 -113.798
-639.12 -116.702
-636.627 -100.79

-622.454 -103.377
-624.155 -113.798
-636.627 -100.79

-624.155 -113.798
-626.277 -126.753
-639.12 -116.702

-626.277 -126.753
-628.622 -140.713
-641.354 -130.327

-628.622 -140.713
-631.804 -159.168
-644.146 -146.185

-644.146 -146.185
-645.741 -156.676
-631.804 -159.168

-606.115 -151.911
-590.507 -146.262
-603.142 -134.817

-587.683 -128.276
-600.912 -119.06
-603.142 -134.817

-600.912 -119.06
-584.674 -110.241
-598.481 -107.297

-587.683 -128.276
-584.674 -110.241
-600.912 -119.06

-587.683 -128.276
-590.507 -146.262
-603.142 -134.817

-590.507 -146.262
-594.129 -165.952
-606.115 -151.911

-606.115 -151.911
-607.927 -162.901
-594.129 -165.952

-567.766 -157.113
-553.496 -150.722
-564.644 -138.681

-550.226 -132.438
-564.644 -138.681
-562.117 -123.52

-550.226 -132.438
-547.394 -116.609
-562.117 -123.52

-562.117 -123.52
-560.5 -113.766
-547.394 -116.609

-550.226 -132.438
-553.496 -150.722
-564.644 -138.681

-553.496 -150.722
-557.606 -171.89
-567.766 -157.113

-569.878 -169.463
-567.766 -157.113
-557.606 -171.89

-668.549 -58.6293
-654.64 -61.1674
-662.661 -70.7108

-672.302 -80.5918
-668.549 -58.6293
-662.661 -70.7108

-662.661 -70.7108
-658.048 -82.8199
-672.302 -80.5918

-658.048 -82.8199
-654.64 -61.1674
-662.661 -70.7108

-630.692 -65.2852
-616.57 -67.6849
-624.692 -76.453

-630.692 -65.2852
-634.393 -87.6931
-624.692 -76.453

-624.692 -76.453
-620.228 -89.6896
-634.393 -87.6931

-624.692 -76.453
-616.57 -67.6849
-620.228 -89.6896

-592.477 -71.8382
-586.108 -83.5598
-578.54 -74.2379

-586.108 -83.5598
-582.237 -96.0276
-578.54 -74.2379

-586.108 -83.5598
-596.349 -93.591
-582.237 -96.0276

-596.349 -93.591
-592.477 -71.8382
-586.108 -83.5598

-554.492 -78.4594
-540.832 -80.6745
-548.585 -89.1657

-554.492 -78.4594
-558.212 -99.6894
-548.585 -89.1657

-548.585 -89.1657
-544.482 -101.978
-558.212 -99.6894

-544.482 -101.978
-540.832 -80.6745
-548.585 -89.1657

-487.408 -156.85
-472.221 -160.29
-484.891 -142.25

-402.737 -174.846
-396.386 -161.603
-420.574 -171.333

-456.789 -163.36
-472.221 -160.29
-458.411 -147.415

-456.789 -163.36
-438.817 -167.144
-443.817 -150.387

-438.817 -167.144
-420.574 -171.333
-427.466 -155.658

-484.891 -142.25
-482.6 -128.496
-470.438 -137.415

-480.167 -114.848
-477.329 -96.7405
-463.141 -107.821

-474.897 -81.4711
-454.222 -74.174
-470.573 -56.8773

-466.595 -32.5712
-445.529 -19.1413
-462.645 -6.76472

-423.508 -81.7739
-420.74 -64.5146
-435.692 -70.0523

-418.801 -87.6808
-398.496 -90.9111
-411.049 -110.847

-440.952 -98.664
-435.692 -70.0523
-423.508 -81.7739

-423.508 -81.7739
-440.952 -98.664
-418.801 -87.6808

-411.049 -110.847
-440.952 -98.664
-418.801 -87.6808

-376.579 -94.8469
-398.496 -90.9111
-392.437 -112.635

-370.538 -91.9102
-364.413 -78.5692
-360.805 -88.0506

-368.524 -104.244
-370.538 -91.9102
-360.805 -88.0506

-376.579 -94.8469
-370.538 -91.9102
-368.524 -104.244

-378.173 -109.53
-376.999 -121.864
-368.524 -104.244

-368.524 -104.244
-378.173 -109.53
-376.579 -94.8469

-376.579 -94.8469
-392.437 -112.635
-378.173 -109.53

-378.173 -109.53
-376.999 -121.864
-392.437 -112.635

-411.049 -110.847
-392.437 -112.635
-398.496 -90.9111

-396.386 -161.603
-413.007 -157.447
-420.574 -171.333

-420.574 -171.333
-427.466 -155.658
-413.007 -157.447

-427.466 -155.658
-443.817 -150.387
-438.817 -167.144

-456.789 -163.36
-458.411 -147.415
-443.817 -150.387

-471.281 -145.576
-472.221 -160.29
-484.891 -142.25

-484.891 -142.25
-471.281 -145.576
-470.438 -137.415

-471.281 -145.576
-458.411 -147.415
-472.221 -160.29

-482.6 -128.496
-467.504 -122.734
-480.167 -114.848

-467.504 -122.734
-470.438 -137.415
-482.6 -128.496

-470.438 -137.415
-458.411 -147.415
-471.281 -145.576

-470.438 -137.415
-456.173 -135.144
-458.411 -147.415

-467.504 -122.734
-463.141 -107.821
-480.167 -114.848

-477.329 -96.7405
-460.49 -92.338
-474.897 -81.4711

-470.573 -56.8773
-451.317 -47.5533
-466.595 -32.5712

-418.299 -47.6439
-433.02 -54.3446
-420.74 -64.5146

-416.167 -33.8364
-432.209 -39.3188
-418.299 -47.6439

-413.934 -18.303
-431.701 -22.9732
-416.167 -33.8364

-411.091 -0.129925
-427.945 -7.64282
-413.934 -18.303

-408.553 18.7538
-426.93 11.444
-411.091 -0.129925

-405.141 40.8485
-427.339 33.0139
-408.553 18.7538

-401.224 64.7878
-427.557 55.2121
-405.141 40.8485

-398.395 85.4626
-426.686 79.369
-401.224 64.7878

-394.695 110.925
-410.364 100.914
-398.395 85.4626

-392.083 128.771
-408.841 122.024
-394.695 110.925

-389.907 143.569
-407.753 137.476
-392.083 128.771

-386.635 165.773
-389.907 143.569
-407.63 155.611

-407.63 177.388
-407.63 155.611
-386.635 165.773

-425.858 187.327
-424.015 168.04
-407.63 177.388

-455.955 204.157
-438.879 194.698
-455.341 186.59

-446.127 169.883
-466.888 175.78
-455.341 186.59

-488.14 181.553
-466.888 175.78
-474.504 190.275

-493.668 181.308
-509.146 169.023
-508.409 187.696

-528.556 154.65
-509.146 169.023
-530.153 173.691

-531.012 150.474
-532.978 134.75
-547.474 143.226

-535.189 120.131
-532.978 134.75
-548.825 128.485

-535.189 120.131
-527.081 102.81
-549.071 100.353

-520.448 89.6655
-527.081 102.81
-541.086 89.7883

-516.885 86.84
-500.301 80.0835
-514.92 65.9562

-481.874 72.9585
-500.301 80.0835
-495.51 61.0424

-477.244 72.657
-461.497 79.916
-462.726 59.1439

-442.401 88.0685
-442.177 65.1745
-461.497 79.916

-439.071 91.3742
-432.314 110.292
-421.504 95.7967

-425.435 130.071
-432.314 110.292
-413.151 113.486

-426.049 134.616
-432.56 148.129
-416.959 146.287

-441.651 166.679
-432.56 148.129
-431.577 161.397

-437.965 179.333
-441.651 166.679
-446.127 169.883

-446.127 169.883
-455.341 186.59
-437.965 179.333

-437.965 179.333
-438.879 194.698
-455.341 186.59

-437.965 179.333
-425.858 187.327
-438.879 194.698

-437.965 179.333
-424.015 168.04
-425.858 187.327

-441.651 166.679
-437.965 179.333
-424.015 168.04

-424.015 168.04
-431.577 161.397
-441.651 166.679

-424.015 168.04
-407.63 155.611
-408.237 174.664

-408.237 174.664
-407.63 177.388
-407.63 155.611

-424.015 168.04
-408.237 174.664
-407.63 177.388

-424.015 168.04
-421.381 155.132
-431.577 161.397

-431.577 161.397
-432.56 148.129
-421.381 155.132

-421.381 155.132
-416.959 146.287
-432.56 148.129

-421.381 155.132
-407.63 155.611
-424.015 168.04

-407.63 155.611
-407.753 137.476
-389.907 143.569

-407.753 137.476
-416.959 146.287
-407.63 155.611

-407.63 155.611
-421.381 155.132
-416.959 146.287

-426.049 134.616
-407.753 137.476
-425.435 130.071

-426.049 134.616
-416.959 146.287
-407.753 137.476

-425.435 130.071
-413.151 113.486
-408.841 122.024

-408.841 122.024
-407.753 137.476
-392.083 128.771

-408.841 122.024
-425.435 130.071
-407.753 137.476

-413.151 113.486
-394.695 110.925
-408.841 122.024

-413.151 113.486
-410.364 100.914
-394.695 110.925

-413.151 113.486
-421.504 95.7967
-432.314 110.292

-421.504 95.7967
-410.364 100.914
-413.151 113.486

-410.364 100.914
-413.642 89.7772
-398.395 85.4626

-413.642 89.7772
-426.686 79.369
-398.395 85.4626

-413.642 89.7772
-421.504 95.7967
-410.364 100.914

-421.504 95.7967
-426.686 79.369
-413.642 89.7772

-421.504 95.7967
-439.071 91.3742
-426.686 79.369

-426.686 79.369
-442.401 88.0685
-439.071 91.3742

-426.686 79.369
-442.177 65.1745
-442.401 88.0685

-426.686 79.369
-427.557 55.2121
-401.224 64.7878

-462.726 59.1439
-442.177 65.1745
-461.497 79.916

-442.177 65.1745
-427.557 55.2121
-426.686 79.369

-477.244 72.657
-481.874 72.9585
-480.126 58.7349

-480.126 58.7349
-462.726 59.1439
-477.244 72.657

-481.874 72.9585
-495.51 61.0424
-480.126 58.7349

-495.51 61.0424
-514.92 65.9562
-500.301 80.0835

-516.885 86.84
-520.448 89.6655
-529.152 80.1771

-514.92 65.9562
-529.152 80.1771
-516.885 86.84

-520.448 89.6655
-541.086 89.7883
-529.152 80.1771

-541.086 89.7883
-549.071 100.353
-527.081 102.81

-535.189 120.131
-548.825 128.485
-549.071 100.353

-548.825 128.485
-547.474 143.226
-532.978 134.75

-531.012 150.474
-543.714 161.743
-528.556 154.65

-543.714 161.743
-547.474 143.226
-531.012 150.474

-528.556 154.65
-543.714 161.743
-530.153 173.691

-530.153 173.691
-520.067 182.283
-509.146 169.023

-509.146 169.023
-520.067 182.283
-508.409 187.696

-493.668 181.308
-491.689 192.013
-488.14 181.553

-491.689 192.013
-508.409 187.696
-493.668 181.308

-491.689 192.013
-474.504 190.275
-488.14 181.553

-474.504 190.275
-455.341 186.59
-466.888 175.78

-455.955 204.157
-474.504 190.275
-455.341 186.59

-352.919 -72.0473
-353.701 -55.6306
-341.081 -47.0314

-343.874 -34.5235
-331.478 -26.8177
-333.823 -13.193

-322.767 -8.83754
-324.889 5.90399
-309.366 18.747

-317.965 20.6455
-309.366 18.747
-324.889 5.90399

-324.889 5.90399
-333.823 -13.193
-322.767 -8.83754

-322.767 -8.83754
-331.478 -26.8177
-333.823 -13.193

-341.081 -47.0314
-343.874 -34.5235
-331.478 -26.8177

-343.874 -34.5235
-353.701 -55.6306
-341.081 -47.0314

-364.413 -78.5692
-353.701 -55.6306
-352.919 -72.0473

-352.919 -72.0473
-360.805 -88.0506
-364.413 -78.5692

-384.202 -136.04
-390.823 -150.634
-398.39 -136.31

-396.386 -161.603
-390.823 -150.634
-405.012 -150.229

-405.012 -150.229
-413.007 -157.447
-396.386 -161.603

-405.012 -150.229
-398.39 -136.31
-390.823 -150.634

-384.202 -136.04
-376.999 -121.864
-391.904 -125.365

-391.904 -125.365
-392.437 -112.635
-376.999 -121.864

-391.904 -125.365
-398.39 -136.31
-384.202 -136.04

-463.141 -107.821
-460.49 -92.338
-477.329 -96.7405

-460.49 -92.338
-454.222 -74.174
-474.897 -81.4711

-454.222 -74.174
-451.317 -47.5533
-470.573 -56.8773

-435.692 -70.0523
-433.02 -54.3446
-420.74 -64.5146

-427.945 -7.64282
-431.701 -22.9732
-413.934 -18.303

-432.209 -39.3188
-416.167 -33.8364
-431.701 -22.9732

-433.02 -54.3446
-418.299 -47.6439
-432.209 -39.3188

-426.93 11.444
-427.945 -7.64282
-411.091 -0.129925

-426.93 11.444
-427.339 33.0139
-408.553 18.7538

-427.339 33.0139
-427.557 55.2121
-405.141 40.8485

-451.317 -47.5533
-466.595 -32.5712
-445.529 -19.1413

-458.183 19.7964
-462.645 -6.76472
-442.585 3.64462

-462.89 25.9802
-482.272 29.3029
-470.919 43.7011

-447.384 32.441
-458.183 19.7964
-462.89 25.9802

-439.631 19.8887
-458.183 19.7964
-447.384 32.441

-454.583 44.5317
-470.919 43.7011
-462.89 25.9802

-462.89 25.9802
-447.384 32.441
-454.583 44.5317

-441.2 45.9162
-454.583 44.5317
-447.384 32.441

-454.583 44.5317
-462.726 59.1439
-470.919 43.7011

-454.583 44.5317
-442.177 65.1745
-462.726 59.1439

-454.583 44.5317
-441.2 45.9162
-442.177 65.1745

-442.177 65.1745
-427.557 55.2121
-441.2 45.9162

-441.2 45.9162
-427.339 33.0139
-427.557 55.2121

-447.384 32.441
-427.339 33.0139
-441.2 45.9162

-439.631 19.8887
-427.339 33.0139
-447.384 32.441

-470.919 43.7011
-480.126 58.7349
-462.726 59.1439

-439.631 19.8887
-426.93 11.444
-427.339 33.0139

-442.585 3.64462
-439.631 19.8887
-458.183 19.7964

-442.585 3.64462
-445.529 -19.1413
-462.645 -6.76472

-499.011 32.3115
-482.272 29.3029
-488.754 42.7165

-520.267 35.5816
-499.011 32.3115
-511.943 46.1353

-544.049 39.595
-520.267 35.5816
-533.347 52.6756

-577.94 45.9867
-560.548 42.8651
-574.372 65.7563

-549.251 55.9458
-560.548 42.8651
-544.049 39.595

-560.548 60.5537
-574.372 65.7563
-560.548 42.8651

-560.548 42.8651
-560.548 60.5537
-549.251 55.9458

-571.399 84.0394
-560.102 73.6344
-574.372 65.7563

-568.129 103.066
-564.562 124.768
-554.751 110.201

-571.399 84.0394
-568.129 103.066
-555.643 89.0933

-561.886 140.97
-558.021 165.05
-550.589 152.118

-555.643 177.834
-551.481 202.806
-539.441 186.456

-548.062 222.725
-545.981 237.292
-525.32 234.319

-504.213 230.9
-481.174 226.738
-500.497 213.658

-453.972 222.576
-458.282 211.28
-470.471 225.252

-479.39 210.982
-481.174 226.738
-470.471 225.252

-458.282 211.28
-469.133 205.185
-455.955 204.157

-458.282 211.28
-469.133 205.185
-470.471 225.252

-469.133 205.185
-474.504 190.275
-455.955 204.157

-469.133 205.185
-479.39 210.982
-470.471 225.252

-479.39 210.982
-474.504 190.275
-469.133 205.185

-500.497 213.658
-519.226 215.887
-504.213 230.9

-525.32 234.319
-519.226 215.887
-504.213 230.9

-530.523 215.442
-525.32 234.319
-519.226 215.887

-530.523 215.442
-548.062 222.725
-525.32 234.319

-548.062 222.725
-551.481 202.806
-530.523 215.442

-539.441 186.456
-529.779 199.091
-551.481 202.806

-530.523 215.442
-529.779 199.091
-551.481 202.806

-529.779 199.091
-519.226 215.887
-530.523 215.442

-529.779 199.091
-508.409 187.696
-520.067 182.283

-539.441 186.456
-520.067 182.283
-529.779 199.091

-529.779 199.091
-508.409 187.696
-504.807 200.726

-519.226 215.887
-529.779 199.091
-504.807 200.726

-504.807 200.726
-491.689 192.013
-508.409 187.696

-504.807 200.726
-490.092 205.334
-500.497 213.658

-504.807 200.726
-519.226 215.887
-500.497 213.658

-500.497 213.658
-481.174 226.738
-479.39 210.982

-479.39 210.982
-490.092 205.334
-500.497 213.658

-490.092 205.334
-474.504 190.275
-479.39 210.982

-490.092 205.334
-491.689 192.013
-474.504 190.275

-490.092 205.334
-504.807 200.726
-491.689 192.013

-543.714 161.743
-555.643 177.834
-558.021 165.05

-558.021 165.05
-550.589 152.118
-543.714 161.743

-543.714 161.743
-547.474 143.226
-550.589 152.118

-547.474 143.226
-548.825 128.485
-561.886 140.97

-561.886 140.97
-547.474 143.226
-550.589 152.118

-543.714 161.743
-530.153 173.691
-555.643 177.834

-555.643 177.834
-530.153 173.691
-539.441 186.456

-539.441 186.456
-520.067 182.283
-530.153 173.691

-564.562 124.768
-548.825 128.485
-561.886 140.97

-548.825 128.485
-554.751 110.201
-564.562 124.768

-554.751 110.201
-549.071 100.353
-548.825 128.485

-568.129 103.066
-549.071 100.353
-554.751 110.201

-555.643 89.0933
-549.071 100.353
-568.129 103.066

-541.086 89.7883
-555.643 89.0933
-549.071 100.353

-555.643 89.0933
-560.102 73.6344
-571.399 84.0394

-560.548 60.5537
-560.102 73.6344
-574.372 65.7563

-560.102 73.6344
-549.251 55.9458
-560.548 60.5537

-543.533 71.4774
-555.643 89.0933
-541.086 89.7883

-529.152 80.1771
-543.533 71.4774
-541.086 89.7883

-555.643 89.0933
-560.102 73.6344
-543.533 71.4774

-543.533 71.4774
-549.251 55.9458
-560.102 73.6344

-549.251 55.9458
-533.347 52.6756
-544.049 39.595

-533.347 52.6756
-530.155 63.302
-543.533 71.4774

-549.251 55.9458
-533.347 52.6756
-543.533 71.4774

-543.533 71.4774
-529.152 80.1771
-530.155 63.302

-514.92 65.9562
-529.152 80.1771
-530.155 63.302

-533.347 52.6756
-511.943 46.1353
-520.267 35.5816

-511.943 46.1353
-530.155 63.302
-533.347 52.6756

-511.943 46.1353
-514.92 65.9562
-530.155 63.302

-511.943 46.1353
-495.51 61.0424
-514.92 65.9562

-511.943 46.1353
-488.754 42.7165
-499.011 32.3115

-488.754 42.7165
-495.51 61.0424
-511.943 46.1353

-488.754 42.7165
-480.126 58.7349
-495.51 61.0424

-488.754 42.7165
-470.919 43.7011
-482.272 29.3029

-488.754 42.7165
-480.126 58.7349
-470.919 43.7011

-442.585 3.64462
-426.93 11.444
-439.631 19.8887

-442.585 3.64462
-427.945 -7.64282
-426.93 11.444

-442.585 3.64462
-445.529 -19.1413
-427.945 -7.64282

-431.701 -22.9732
-445.529 -19.1413
-427.945 -7.64282

-445.529 -19.1413
-432.209 -39.3188
-431.701 -22.9732

-445.529 -19.1413
-451.317 -47.5533
-432.209 -39.3188

-433.02 -54.3446
-451.317 -47.5533
-432.209 -39.3188

-433.02 -54.3446
-435.692 -70.0523
-451.317 -47.5533

-451.317 -47.5533
-454.222 -74.174
-435.692 -70.0523

-440.952 -98.664
-454.222 -74.174
-435.692 -70.0523

-460.49 -92.338
-440.952 -98.664
-454.222 -74.174

-463.141 -107.821
-440.952 -98.664
-460.49 -92.338

-440.952 -98.664
-431.691 -119.39
-411.049 -110.847

-411.049 -110.847
-391.904 -125.365
-392.437 -112.635

-411.049 -110.847
-413.756 -124.918
-391.904 -125.365

-398.39 -136.31
-413.756 -124.918
-391.904 -125.365

-405.012 -150.229
-413.756 -124.918
-398.39 -136.31

-413.007 -157.447
-413.756 -124.918
-405.012 -150.229

-427.466 -155.658
-413.756 -124.918
-413.007 -157.447

-431.171 -135.551
-427.466 -155.658
-443.817 -150.387

-431.171 -135.551
-431.691 -119.39
-443.817 -150.387

-431.171 -135.551
-427.466 -155.658
-413.756 -124.918

-431.691 -119.39
-431.171 -135.551
-413.756 -124.918

-413.756 -124.918
-411.049 -110.847
-431.691 -119.39

-456.173 -135.144
-443.817 -150.387
-458.411 -147.415

-449.505 -120.997
-456.173 -135.144
-467.504 -122.734

-463.141 -107.821
-449.505 -120.997
-467.504 -122.734

-470.438 -137.415
-456.173 -135.144
-467.504 -122.734

-456.173 -135.144
-443.817 -150.387
-449.505 -120.997

-449.505 -120.997
-431.691 -119.39
-443.817 -150.387

-449.505 -120.997
-440.952 -98.664
-431.691 -119.39

-463.141 -107.821
-449.505 -120.997
-440.952 -98.664

-313.058 30.9289
-295.525 27.4668
-304.347 50.2492

-295.86 44.3302
-289.383 58.4017
-304.347 50.2492

-296.53 66.7775
-281.565 74.8183
-286.591 87.8847

-274.977 89.56
-266.377 107.652
-279.555 103.296

-268.611 125.409
-259.342 142.831
-250.408 130.546

-266.377 107.652
-248.509 118.597
-260.012 122.17

-248.509 118.597
-224.275 115.358
-233.321 131.104

-214.783 134.79
-241.139 139.592
-233.321 131.104

-207.412 146.74
-208.417 139.48
-191.777 143.948

-208.305 112.678
-182.284 108.434
-193.787 122.505

-175.248 140.821
-150.567 136.577
-165.532 127.419

-165.309 105.642
-134.374 100.505
-148.222 112.231

-130.688 132.891
-110.586 129.094
-113.825 110.221

-129.571 94.2505
-116.17 98.4943
-119.744 78.1689

-133.368 72.4732
-124.322 51.3659
-138.394 42.4317

-127.673 32.6041
-141.186 25.4567
-132.028 7.9232

-143.866 11.0502
-133.48 0.217457
-144.425 1.89263

-149.45 6.58311
-163.298 9.04003
-157.603 4.12619

-157.603 4.12619
-144.425 1.89263
-149.45 6.58311

-149.45 6.58311
-143.866 11.0502
-144.425 1.89263

-143.866 11.0502
-132.028 7.9232
-133.48 0.217457

-143.866 11.0502
-141.186 25.4567
-132.028 7.9232

-167.622 14.7782
-164.719 31.9766
-180.465 26.5044

-166.841 43.8145
-161.257 52.8604
-164.607 56.9925

-156.678 79.4397
-158.911 66.3734
-174.1 82.6784

-169.409 63.0231
-188.171 66.2617
-177.338 72.8507

-191.745 85.6937
-211.624 88.9324
-201.684 68.607

-218.995 71.6223
-238.538 74.9726
-225.919 91.166

-245.797 94.8513
-255.29 74.0792
-244.457 70.5055

-246.803 57.2158
-262.549 58.2209
-257.524 40.7991

-233.513 49.51
-234.965 40.7991
-242.336 51.1852

-230.833 34.8802
-217.766 32.87
-229.046 16.1183

-203.471 30.3014
-211.512 13.103
-217.766 32.87

-195.319 43.1444
-172.76 39.3474
-180.465 26.5044

-196.994 34.5452
-180.465 26.5044
-195.319 43.1444

-195.095 17.7935
-203.471 30.3014
-196.994 34.5452

-189.511 9.52926
-171.755 6.7373
-180.465 26.5044

-273.885 34.6233
-261.6 21.8474
-257.524 40.7991

-244.893 18.8991
-261.6 21.8474
-257.524 40.7991

-281.009 31.9207
-293.171 37.5716
-295.525 27.4668

-275.609 24.3254
-281.009 31.9207
-273.885 34.6233

-273.885 34.6233
-261.6 21.8474
-275.609 24.3254

-275.609 24.3254
-281.009 31.9207
-295.525 27.4668

-295.525 27.4668
-295.86 44.3302
-293.171 37.5716

-295.86 44.3302
-304.347 50.2492
-295.525 27.4668

-304.347 50.2492
-296.53 66.7775
-289.383 58.4017

-289.383 58.4017
-281.565 74.8183
-296.53 66.7775

-281.565 74.8183
-274.977 89.56
-286.591 87.8847

-286.591 87.8847
-279.555 103.296
-274.977 89.56

-268.611 125.409
-266.377 107.652
-279.555 103.296

-268.611 125.409
-260.012 122.17
-266.377 107.652

-260.012 122.17
-250.408 130.546
-268.611 125.409

-259.342 142.831
-241.139 139.592
-250.408 130.546

-250.408 130.546
-248.509 118.597
-260.012 122.17

-250.408 130.546
-233.321 131.104
-248.509 118.597

-250.408 130.546
-241.139 139.592
-233.321 131.104

-214.783 134.79
-224.275 115.358
-233.321 131.104

-224.275 115.358
-208.305 112.678
-214.783 134.79

-214.783 134.79
-193.787 122.505
-208.305 112.678

-208.417 139.48
-214.783 134.79
-193.787 122.505

-193.787 122.505
-191.777 143.948
-208.417 139.48

-191.777 143.948
-175.248 140.821
-193.787 122.505

-193.787 122.505
-182.284 108.434
-175.248 140.821

-165.532 127.419
-182.284 108.434
-175.248 140.821

-182.284 108.434
-165.309 105.642
-165.532 127.419

-165.532 127.419
-148.222 112.231
-165.309 105.642

-148.222 112.231
-150.567 136.577
-165.532 127.419

-150.567 136.577
-148.222 112.231
-130.688 132.891

-130.688 132.891
-134.374 100.505
-148.222 112.231

-134.374 100.505
-113.825 110.221
-130.688 132.891

-134.374 100.505
-129.571 94.2505
-116.17 98.4943

-116.17 98.4943
-113.825 110.221
-134.374 100.505

-133.368 72.4732
-129.571 94.2505
-119.744 78.1689

-119.744 78.1689
-133.368 72.4732
-124.322 51.3659

-138.394 42.4317
-127.673 32.6041
-124.322 51.3659

-138.394 42.4317
-141.186 25.4567
-127.673 32.6041

-171.755 6.7373
-163.298 9.04003
-157.603 4.12619

-167.622 14.7782
-171.755 6.7373
-163.298 9.04003

-171.755 6.7373
-180.465 26.5044
-167.622 14.7782

-164.719 31.9766
-172.76 39.3474
-180.465 26.5044

-172.76 39.3474
-166.841 43.8145
-164.719 31.9766

-164.719 31.9766
-161.257 52.8604
-166.841 43.8145

-158.911 66.3734
-161.257 52.8604
-164.607 56.9925

-164.607 56.9925
-169.409 63.0231
-158.911 66.3734

-177.338 72.8507
-158.911 66.3734
-169.409 63.0231

-177.338 72.8507
-174.1 82.6784
-158.911 66.3734

-177.338 72.8507
-191.745 85.6937
-174.1 82.6784

-177.338 72.8507
-188.171 66.2617
-191.745 85.6937

-201.684 68.607
-188.171 66.2617
-191.745 85.6937

-211.624 88.9324
-218.995 71.6223
-201.684 68.607

-225.919 91.166
-211.624 88.9324
-218.995 71.6223

-238.538 74.9726
-245.797 94.8513
-225.919 91.166

-245.797 94.8513
-244.457 70.5055
-238.538 74.9726

-255.29 74.0792
-262.549 58.2209
-246.803 57.2158

-246.803 57.2158
-244.457 70.5055
-255.29 74.0792

-246.803 57.2158
-242.336 51.1852
-257.524 40.7991

-273.885 34.6233
-262.549 58.2209
-257.524 40.7991

-234.965 40.7991
-257.524 40.7991
-242.336 51.1852

-244.893 18.8991
-234.965 40.7991
-257.524 40.7991

-234.965 40.7991
-230.833 34.8802
-244.893 18.8991

-244.893 18.8991
-229.046 16.1183
-230.833 34.8802

-211.512 13.103
-189.511 9.52926
-195.095 17.7935

-195.095 17.7935
-203.471 30.3014
-211.512 13.103

-211.512 13.103
-229.046 16.1183
-217.766 32.87

-196.994 34.5452
-180.465 26.5044
-195.095 17.7935

-195.095 17.7935
-189.511 9.52926
-180.465 26.5044

-362.357 356.702
-377.89 363.605
-387.23 343.097

-368.854 314.467
-387.23 343.097
-362.357 356.702

-401.905 310.584
-387.23 343.097
-368.854 314.467

-374.701 275.545
-401.905 310.584
-368.854 314.467

-419.533 271.628
-401.905 310.584
-374.701 275.545

-379.272 242.248
-419.533 271.628
-374.701 275.545

-433.679 241.159
-403.211 227.666
-379.272 242.248

-383.008 221.638
-379.272 242.248
-403.211 227.666

-433.679 241.159
-419.533 271.628
-379.272 242.248

-446.153 211.311
-433.679 241.159
-403.211 227.666

-404.733 188.111
-403.211 227.666
-446.153 211.311

-378.617 215.315
-336.397 207.48
-359.683 186.153

-378.182 173.748
-404.733 188.111
-378.617 215.315

-378.617 215.315
-394.286 212.921
-383.008 221.638

-403.211 227.666
-383.008 221.638
-394.286 212.921

-394.286 212.921
-404.733 188.111
-403.211 227.666

-394.286 212.921
-378.617 215.315
-404.733 188.111

-378.182 173.748
-359.683 186.153
-378.617 215.315

-341.169 156.22
-359.683 186.153
-378.182 173.748

-297.861 200.399
-321.147 180.595
-307.219 141.422

-279.58 129.017
-267.393 151.65
-307.219 141.422

-261.734 154.479
-218.861 146.427
-232.789 188.43

-274.139 176.025
-267.393 151.65
-261.734 154.479

-261.081 193.217
-274.139 176.025
-297.861 200.399

-261.081 193.217
-232.789 188.43
-274.139 176.025

-261.734 154.479
-232.789 188.43
-274.139 176.025

-274.139 176.025
-297.861 200.399
-307.219 141.422

-307.219 141.422
-267.393 151.65
-274.139 176.025

-321.147 180.595
-341.169 156.22
-307.219 141.422

-321.147 180.595
-336.397 207.48
-297.861 200.399

-321.147 180.595
-359.683 186.153
-336.397 207.48

-321.147 180.595
-341.169 156.22
-359.683 186.153

-217.999 153.942
-216.68 185.009
-232.789 188.43

-232.789 188.43
-217.999 153.942
-218.861 146.427

-211.908 158.816
-189.572 180.035
-181.552 153.232

-217.999 153.942
-216.68 185.009
-211.908 158.816

-211.908 158.816
-189.572 180.035
-216.68 185.009

-161.601 175.144
-189.572 180.035
-181.552 153.232

-149.392 147.135
-161.601 175.144
-181.552 153.232

-126.65 168.441
-108.696 139.953
-104.147 164.132

-149.392 147.135
-126.65 168.441
-108.696 139.953

-161.601 175.144
-149.392 147.135
-126.65 168.441

-97.5084 138.353
-77.714 135.642
-92.0252 167.344

-63.6497 158.344
-77.714 135.642
-92.0252 167.344

-56.9372 160.708
-35.8983 154.901
-43.4791 195.184

-86.2885 215.548
-89.2614 190.13
-64.2892 205.44

-63.6497 158.344
-72.6133 179.725
-56.9372 160.708

-72.6133 179.725
-64.2892 205.44
-43.4791 195.184

-43.4791 195.184
-56.9372 160.708
-72.6133 179.725

-72.6133 179.725
-63.6497 158.344
-92.0252 167.344

-92.0252 167.344
-89.2614 190.13
-72.6133 179.725

-72.6133 179.725
-89.2614 190.13
-64.2892 205.44

-21.7169 226.068
6.52093 212.399
-33.2279 202.686

-12.724 148.549
20.1902 139.196
9.93824 164.017

27.7443 202.147
58.5001 186.679
32.6004 173.729

109.04 171.571
129.904 160.239
107.336 167.258

99.6058 164.83
78.0228 176.439
77.6958 150.932

110.888 148.806
99.6058 164.83
107.336 167.258

78.0228 176.439
58.5001 186.679
57.7478 159.761

6.52093 212.399
6.51691 185.596
27.7443 202.147

-35.8983 154.901
-17.8458 165.811
-12.724 148.549

-35.6438 197.71
-43.4791 195.184
-28.2117 181.765

-28.2117 181.765
-35.8983 154.901
-43.4791 195.184

-28.2117 181.765
-17.8458 165.811
-35.8983 154.901

-33.2279 202.686
-35.6438 197.71
-14.1581 192.035

-28.2117 181.765
-14.1581 192.035
-35.6438 197.71

-33.2279 202.686
6.52093 212.399
-14.1581 192.035

-14.1581 192.035
6.51691 185.596
6.52093 212.399

6.51691 185.596
-28.2117 181.765
-14.1581 192.035

6.51691 185.596
-17.8458 165.811
-28.2117 181.765

-17.8458 165.811
9.93824 164.017
6.51691 185.596

9.93824 164.017
-12.724 148.549
-17.8458 165.811

39.4992 133.799
66.255 126.502
57.7478 159.761

91.389 119.475
128.955 109.07
116.928 132.989

166.646 140.826
145.566 152.312
147.863 127.718

174.619 143.258
187.997 174.338
211.375 162.312

197.321 130.962
211.375 162.312
174.619 143.258

199.889 122.989
219.348 112.584
204.618 102.99

153.434 102.13
185.039 93.0837
173.425 116.871

245.123 76.1085
216.756 84.3727
250.036 96.2106

233.508 105.145
216.756 84.3727
219.348 112.584

185.039 93.0837
204.618 102.99
216.756 84.3727

233.508 105.145
250.036 96.2106
216.756 84.3727

216.756 84.3727
219.348 112.584
204.618 102.99

199.889 122.989
173.425 116.871
197.321 130.962

199.889 122.989
204.618 102.99
173.425 116.871

173.425 116.871
185.039 93.0837
204.618 102.99

174.619 143.258
173.425 116.871
166.646 140.826

173.425 116.871
197.321 130.962
174.619 143.258

166.646 140.826
147.863 127.718
173.425 116.871

173.425 116.871
153.434 102.13
147.863 127.718

128.955 109.07
153.434 102.13
147.863 127.718

129.904 160.239
116.928 132.989
145.566 152.312

145.566 152.312
147.863 127.718
116.928 132.989

116.928 132.989
128.955 109.07
147.863 127.718

91.389 119.475
66.255 126.502
77.6958 150.932

77.6958 150.932
100.419 141.808
91.389 119.475

100.419 141.808
116.928 132.989
91.389 119.475

100.419 141.808
110.888 148.806
116.928 132.989

116.928 132.989
129.904 160.239
110.888 148.806

110.888 148.806
107.336 167.258
129.904 160.239

99.6058 164.83
77.6958 150.932
100.419 141.808

100.419 141.808
110.888 148.806
99.6058 164.83

77.6958 150.932
57.7478 159.761
78.0228 176.439

77.6958 150.932
57.7478 159.761
66.255 126.502

39.4992 133.799
20.1902 139.196
32.6004 173.729

32.6004 173.729
57.7478 159.761
39.4992 133.799

32.6004 173.729
57.7478 159.761
58.5001 186.679

32.6004 173.729
6.51691 185.596
27.7443 202.147

32.6004 173.729
9.93824 164.017
20.1902 139.196

32.6004 173.729
6.51691 185.596
9.93824 164.017

255.93 73.2438
260.729 92.4413
284.634 86.5344

262.575 71.2132
284.634 86.5344
255.93 73.2438

267.005 65.214
265.251 51.9234
284.172 46.0165

284.08 71.3056
284.172 46.0165
267.005 65.214

267.005 65.214
262.575 71.2132
284.08 71.3056

284.08 71.3056
284.634 86.5344
262.575 71.2132

326.069 77.1067
303.342 82.3891
320.541 53.766

284.08 71.3056
303.342 82.3891
284.634 86.5344

301.745 59.0484
303.342 82.3891
284.08 71.3056

301.745 59.0484
320.541 53.766
303.342 82.3891

300.64 40.8672
324.963 46.6409
329.508 31.7766

320.541 53.766
324.963 46.6409
300.64 40.8672

300.64 40.8672
301.745 59.0484
320.541 53.766

301.745 59.0484
284.172 46.0165
300.64 40.8672

301.745 59.0484
284.08 71.3056
284.172 46.0165

340.148 42.1856
353.042 24.5202
366.85 34.6727

367.255 20.1546
384.717 29.698
366.85 34.6727

371.214 13.2508
396.595 6.24554
391.62 -11.5214

403.803 10.4081
398.118 25.6369
426.443 17.3118

396.595 6.24554
398.118 25.6369
403.803 10.4081

396.595 6.24554
384.717 29.698
398.118 25.6369

396.595 6.24554
371.214 13.2508
384.717 29.698

384.717 29.698
367.255 20.1546
371.214 13.2508

367.255 20.1546
353.042 24.5202
366.85 34.6727

329.508 31.7766
340.148 42.1856
353.042 24.5202

340.148 42.1856
324.963 46.6409
329.508 31.7766

426.793 3.61368
447.505 10.7205
455.322 -5.01599

469.129 4.42589
497.962 -4.00074
479.89 -12.5289

503.24 -19.3311
507.2 -6.43736
490.346 -15.5747

479.89 -12.5289
490.346 -15.5747
497.962 -4.00074

497.962 -4.00074
507.2 -6.43736
490.346 -15.5747

469.129 4.42589
455.322 -5.01599
479.89 -12.5289

447.505 10.7205
469.129 4.42589
455.322 -5.01599

426.793 3.61368
426.443 17.3118
447.505 10.7205

426.443 17.3118
403.803 10.4081
426.793 3.61368

371.214 13.2508
361.647 -23.539
391.62 -11.5214

391.62 -11.5214
380.186 -52.5753
361.647 -23.539

361.647 -23.539
352.49 -56.5957
380.186 -52.5753

380.186 -52.5753
369.801 -89.9874
352.49 -56.5957

352.49 -56.5957
345.343 -83.9568
369.801 -89.9874

