-714.049 -183.286
-725.144 -181.143
-723.694 -170.994

-710.33 -160.781
-714.049 -183.286
-723.694 -170.994

-723.694 -170.994
-721.487 -156.621
-710.33 -160.781

-710.33 -160.781
-707.934 -146.598
-721.487 -156.621

-721.487 -156.621
-719.533 -143.193
-707.934 -146.598

-704.213 -156.495
-707.934 -146.598
-710.33 -160.781

-703.52 -152.46
-704.213 -156.495
-707.934 -146.598

-690.912 -158.701
-689.966 -154.541
-704.213 -156.495

-703.52 -152.46
-689.966 -154.541
-704.213 -156.495

-707.934 -146.598
-705.716 -133.296
-719.533 -143.193

-719.533 -143.193
-716.874 -126.047
-705.716 -133.296

-705.716 -133.296
-703.447 -119.239
-716.874 -126.047

-716.874 -126.047
-714.793 -111.611
-703.447 -119.239

-703.447 -119.239
-700.798 -103.857
-714.793 -111.611

-714.793 -111.611
-712.023 -93.2106
-700.798 -103.857

-700.798 -103.857
-698.674 -90.9985
-712.023 -93.2106

-712.023 -93.2106
-710.192 -80.7773
-698.674 -90.9985

-698.674 -90.9985
-696.386 -77.0397
-710.192 -80.7773

-710.192 -80.7773
-708.133 -66.5894
-696.386 -77.0397

-696.386 -77.0397
-694.098 -63.8435
-708.133 -66.5894

-708.133 -66.5894
-706.074 -52.3254
-694.098 -63.8435

-694.098 -63.8435
-692.649 -54.69
-706.074 -52.3254

-691.81 -82.5316
-696.386 -77.0397
-698.674 -90.9985

-692.649 -86.8794
-698.674 -90.9985
-691.81 -82.5316

-679.454 -89.0152
-678.31 -84.8962
-691.81 -82.5316

-692.649 -86.8794
-679.454 -89.0152
-691.81 -82.5316

-674.819 -95.1914
-678.31 -84.8962
-679.454 -89.0152

-672.302 -80.5918
-678.31 -84.8962
-674.819 -95.1914

-684.04 -150.466
-689.966 -154.541
-690.912 -158.701

-686.333 -164.507
-690.912 -158.701
-684.04 -150.466

-672.275 -167.105
-686.333 -164.507
-684.04 -150.466

-669.875 -152.615
-684.04 -150.466
-672.275 -167.105

-666.645 -162.859
-672.275 -167.105
-669.875 -152.615

-665.722 -158.706
-666.645 -162.859
-669.875 -152.615

-652.708 -165.075
-666.645 -162.859
-665.722 -158.706

-652.062 -161.106
-665.722 -158.706
-652.708 -165.075

-648.14 -171.074
-652.708 -165.075
-652.062 -161.106

-645.741 -156.676
-652.062 -161.106
-648.14 -171.074

-634.388 -173.197
-631.804 -159.168
-645.741 -156.676

-648.14 -171.074
-634.388 -173.197
-645.741 -156.676

-628.204 -169.136
-634.388 -173.197
-631.804 -159.168

-627.558 -165.167
-631.804 -159.168
-628.204 -169.136

-615.191 -171.258
-628.204 -169.136
-627.558 -165.167

-615.191 -171.258
-627.558 -165.167
-614.174 -167.29

-610.354 -177.671
-614.174 -167.29
-615.191 -171.258

-607.927 -162.901
-610.354 -177.671
-614.174 -167.29

-596.14 -179.89
-610.354 -177.671
-607.927 -162.901

-594.129 -165.952
-607.927 -162.901
-596.14 -179.89

-589.345 -171.5
-594.129 -165.952
-596.14 -179.89

-590.593 -175.521
-589.345 -171.5
-596.14 -179.89

-576.726 -177.879
-590.593 -175.521
-589.345 -171.5

-575.963 -173.649
-589.345 -171.5
-576.726 -177.879

-572.236 -183.817
-575.963 -173.649
-576.726 -177.879

-569.878 -169.463
-575.963 -173.649
-572.236 -183.817

-560.309 -185.62
-572.236 -183.817
-569.878 -169.463

-557.606 -171.89
-569.878 -169.463
-560.309 -185.62

-554.278 -181.806
-560.309 -185.62
-557.606 -171.89

-553.238 -177.646
-557.606 -171.89
-554.278 -181.806

-539.925 -180.212
-553.238 -177.646
-554.278 -181.806

-535.002 -185.274
-539.925 -180.212
-554.278 -181.806

-533.755 -175.982
-535.002 -185.274
-539.925 -180.212

-526.959 -186.799
-533.755 -175.982
-535.002 -185.274

-523.492 -177.646
-533.755 -175.982
-526.959 -186.799

-526.959 -186.799
-518.638 -184.58
-523.492 -177.646

-522.383 -192.624
-526.959 -186.799
-518.638 -184.58

-524.452 -203.047
-522.383 -192.624
-513.925 -199.538

-527.274 -218.15
-524.452 -203.047
-514.612 -211.59

-509.349 -221.507
-514.612 -211.59
-527.274 -218.15

-506.985 -206.709
-514.612 -211.59
-509.349 -221.507

-513.925 -199.538
-514.612 -211.59
-524.452 -203.047

-513.925 -199.538
-506.985 -206.709
-514.612 -211.59

-513.925 -199.538
-518.638 -184.58
-522.383 -192.624

-504.544 -191.606
-513.925 -199.538
-506.985 -206.709

-513.925 -199.538
-512.074 -190.839
-518.638 -184.58

-512.074 -190.839
-504.544 -191.606
-513.925 -199.538

-502.469 -179.224
-504.544 -191.606
-511.515 -184.138

-502.469 -179.224
-500.012 -165.153
-510.175 -169.62

-511.515 -184.138
-512.074 -190.839
-504.544 -191.606

-511.515 -184.138
-518.638 -184.58
-512.074 -190.839

-523.492 -177.646
-511.515 -184.138
-518.638 -184.58

-511.515 -184.138
-510.175 -169.62
-502.469 -179.224

-523.492 -177.646
-510.175 -169.62
-511.515 -184.138

-531.261 -162.617
-533.755 -175.982
-523.492 -177.646

-528.172 -146.101
-531.261 -162.617
-518.906 -156.376

-525.792 -133.002
-515.639 -141.645
-528.172 -146.101

-523.61 -120.92
-511.192 -128.471
-525.792 -133.002

-528.141 -114.795
-514.465 -116.641
-523.61 -120.92

-526.967 -110.768
-528.141 -114.795
-514.465 -116.641

-520.842 -106.488
-514.465 -116.641
-526.967 -110.768

-511.192 -128.471
-514.465 -116.641
-523.61 -120.92

-511.192 -128.471
-515.639 -141.645
-525.792 -133.002

-515.639 -141.645
-518.906 -156.376
-528.172 -146.101

-523.492 -177.646
-518.906 -156.376
-531.261 -162.617

-518.906 -156.376
-510.175 -169.62
-523.492 -177.646

-498.355 -154.901
-508.256 -160.271
-500.012 -165.153

-496.677 -144.077
-498.355 -154.901
-507.165 -148.357

-494.831 -132.75
-496.677 -144.077
-504.9 -137.197

-498.02 -122.346
-494.831 -132.75
-491.979 -115.886

-503.138 -129.395
-504.9 -137.197
-494.831 -132.75

-503.138 -129.395
-498.02 -122.346
-494.831 -132.75

-503.138 -129.395
-511.192 -128.471
-504.9 -137.197

-506.746 -121.507
-511.192 -128.471
-503.138 -129.395

-506.746 -121.507
-498.02 -122.346
-503.138 -129.395

-507.165 -148.357
-504.9 -137.197
-496.677 -144.077

-507.165 -148.357
-508.256 -160.271
-498.355 -154.901

-500.012 -165.153
-508.256 -160.271
-510.175 -169.62

-510.175 -169.62
-518.906 -156.376
-508.256 -160.271

-508.256 -160.271
-507.165 -148.357
-518.906 -156.376

-518.906 -156.376
-515.639 -141.645
-507.165 -148.357

-507.165 -148.357
-515.639 -141.645
-504.9 -137.197

-504.9 -137.197
-515.639 -141.645
-511.192 -128.471

-514.465 -116.641
-506.746 -121.507
-511.192 -128.471

-518.946 -95.9186
-516.638 -85.12
-504.548 -86.9659

-487.657 -90.104
-489.872 -103.948
-500.302 -95.8263

-504.548 -86.9659
-487.657 -90.104
-500.302 -95.8263

-500.302 -95.8263
-518.946 -95.9186
-504.548 -86.9659

-518.946 -95.9186
-520.842 -106.488
-511.931 -102.195

-511.931 -102.195
-514.465 -116.641
-520.842 -106.488

-511.931 -102.195
-500.302 -95.8263
-518.946 -95.9186

-511.931 -102.195
-500.579 -107.363
-500.302 -95.8263

-489.872 -103.948
-500.579 -107.363
-500.302 -95.8263

-500.579 -107.363
-514.465 -116.641
-511.931 -102.195

-500.579 -107.363
-498.02 -122.346
-506.746 -121.507

-506.746 -121.507
-514.465 -116.641
-500.579 -107.363

-500.579 -107.363
-491.979 -115.886
-498.02 -122.346

-500.579 -107.363
-489.872 -103.948
-491.979 -115.886

