-10 -10
10 -10
10 10

10 10
-10 10
-10 -10

10 10
30 10
30 -10

30 -10
10 -10
10 10

30 10
50 10
50 -10

50 -10
30 -10
30 10

50 10
70 10
70 -10

70 -10
50 -10
50 10

70 10
90 10
90 -10

90 -10
70 -10
70 10

90 10
110 10
110 -10

110 -10
90 -10
90 10

125.756 -53.9829
110 -10
110 10

110 10
126.02 23.1731
125.756 -53.9829

126.02 23.1731
144.716 23.9631
125.756 -53.9829

125.756 -53.9829
152.09 -2.36998
144.716 23.9631

152.09 -2.36998
161.306 -21.0665
125.756 -53.9829

-100 -100
-110 -100
-100 -110

