-10 -10
10 -10
10 10

10 10
-10 10
-10 -10

10 10
30 10
30 -10

30 -10
10 -10
10 10

30 10
50 10
50 -10

50 -10
30 -10
30 10

50 10
70 10
70 -10

70 -10
50 -10
50 10

70 10
90 10
90 -10

90 -10
70 -10
70 10

90 10
110 10
110 -10

110 -10
90 -10
90 10

125.756 -53.9829
110 -10
110 10

110 10
126.02 23.1731
125.756 -53.9829

126.02 23.1731
144.716 23.9631
125.756 -53.9829

125.756 -53.9829
152.09 -2.36998
144.716 23.9631

152.09 -2.36998
161.306 -21.0665
125.756 -53.9829

-100 -100
-110 -100
-100 -110

-100 -110
86.3002 -118.627
83.9063 -98.9968

70.5003 -112.403
70.9791 -138.736
86.5396 -138.736

59.4883 -122.936
52.5459 -145.439
61.4034 -150.945

77.9215 -150.945
91.3274 -146.396
107.127 -134.906

112.873 -145.439
127.476 -142.087
126.279 -125.569

100.424 -121.021
112.155 -120.063
104.733 -106.897

120.294 -108.094
128.912 -111.685
124.842 -97.7999

112.873 -101.63
99.9455 -94.6878
113.83 -91.0969

87.0184 -90.6181
70.9791 -88.4636
82.2305 -78.1697

56.6156 -94.4484
46.5611 -91.3363
60.4459 -77.6909

68.5852 -75.5364
74.0912 -67.6365
58.2913 -64.0456

48.955 -76.494
37.2248 -73.1425
46.3217 -64.0456

58.2913 -64.0456
66.4307 -54.7093
57.3338 -48.2457

31.3578 -83.4363
20.1064 -96.6029
3.58835 -93.9696

14.6004 -77.6909
24.6549 -65.9607
10.7701 -65.2426

0.955042 -80.5636
6.70045 -86.3091
6.70045 -74.8182

6.70045 -74.8182
6.70045 -86.3091
14.6004 -77.6909

14.6004 -77.6909
31.3578 -83.4363
6.70045 -86.3091

6.70045 -86.3091
3.58835 -93.9696
31.3578 -83.4363

0.955042 -80.5636
-15.2451 -94.4484
-20.0329 -73.1425

-27.4541 -86.3091
-34.8752 -97.0817
-35.354 -71.9455

-39.4268 -80.3242
-51.8752 -100.673
-51.8752 -72.6637

-57.2995 -82.4788
-68.3116 -101.391
-70.9449 -70.988

152.09 -2.36998
171.812 25.627
144.716 23.9631

144.716 23.9631
167.263 46.6118
171.812 25.627

171.812 25.627
178.036 69.2027
167.263 46.6118

167.263 46.6118
156.491 77.8208
178.036 69.2027

178.036 69.2027
157.163 93.9056
156.491 77.8208

156.491 77.8208
132.506 83.8512
157.163 93.9056

157.163 93.9056
115.988 90.0754
132.506 83.8512

132.506 83.8512
104.737 64.221
115.988 90.0754

115.988 90.0754
89.4155 62.0665
104.737 64.221

104.737 64.221
78.6428 46.7454
89.4155 62.0665

89.4155 62.0665
59.9519 55.6029
78.6428 46.7454

78.6428 46.7454
47.9094 49.1393
59.9519 55.6029

59.9519 55.6029
48.3882 67.0937
47.9094 49.1393

47.9094 49.1393
38.3338 79.3027
48.3882 67.0937

48.3882 67.0937
55.4123 96.5997
38.3338 79.3027

38.3338 79.3027
52.3002 107.612
55.4123 96.5997

55.4123 96.5997
73.8455 114.794
52.3002 107.612

52.3002 107.612
82.9424 127.23
73.8455 114.794

73.8455 114.794
106.882 122.442
82.9424 127.23

82.9424 127.23
121.484 133.215
106.882 122.442

106.882 122.442
141.472 124.597
121.484 133.215

121.484 133.215
153.681 131.3
141.472 124.597

160.145 121.245
141.472 124.597
153.681 131.3

153.681 131.3
179.554 123.639
160.145 121.245

160.145 121.245
190.963 112.267
179.554 123.639

190.963 112.267
179.554 123.639
197.906 124.715

190.963 112.267
210.354 123.997
197.906 124.715

197.906 124.715
204.848 134.051
210.354 123.997

210.354 123.997
216.099 149.851
204.848 134.051

204.848 134.051
204.369 154.16
216.099 149.851

216.099 149.851
205.327 171.875
204.369 154.16

204.369 154.16
192.4 170.439
205.327 171.875

205.327 171.875
187.372 179.296
192.4 170.439

192.4 170.439
167.982 173.551
187.372 179.296

187.372 179.296
156.97 181.451
167.982 173.551

167.982 173.551
148.352 174.03
156.97 181.451

156.97 181.451
117.47 179.057
148.352 174.03

148.352 174.03
111.246 169.721
117.47 179.057

117.47 179.057
85.4003 176.736
111.246 169.721

111.246 169.721
70.7973 160.218
85.4003 176.736

