-25.2751 -15.7722
-23.1721 10.1643
24.1446 11.5663

-25.2751 -15.7722
23.0931 -14.0198
24.1446 11.5663

24.1446 11.5663
51.0198 6.65939
46.4633 -14.7207

23.0931 -14.0198
46.4633 -14.7207
24.1446 11.5663

46.4633 -14.7207
63.988 -24.1841
51.0198 6.65939

51.0198 6.65939
88.8731 -29.091
63.988 -24.1841

63.988 -24.1841
93.079 -48.3681
88.8731 -29.091

88.8731 -29.091
108.15 -32.2454
93.079 -48.3681

93.079 -48.3681
122.521 -45.5642
108.15 -32.2454

108.15 -32.2454
123.572 -24.8851
122.521 -45.5642

122.521 -45.5642
142.499 -20.3286
123.572 -24.8851

123.572 -24.8851
127.077 2.45345
142.499 -20.3286

142.499 -20.3286
130.932 22.7821
127.077 2.45345

127.077 2.45345
108.851 33.2969
130.932 22.7821

130.932 22.7821
104.645 52.9246
108.851 33.2969

108.851 33.2969
83.2652 50.1206
104.645 52.9246

104.645 52.9246
76.2553 67.6453
83.2652 50.1206

83.2652 50.1206
52.0712 51.1721
76.2553 67.6453

76.2553 67.6453
47.8653 66.5938
52.0712 51.1721

52.0712 51.1721
27.5367 57.481
47.8653 66.5938

-25.2751 -15.7722
23.0931 -14.0198
46.4633 -14.7207

46.4633 -14.7207
63.988 -24.1841
-25.2751 -15.7722

-25.2751 -15.7722
63.988 -24.1841
93.079 -48.3681

